11335,0.870409
3193,0.863398
6771,0.858625
11205,0.853339
9881,0.851215
7245,0.842777
11505,0.842595
5846,0.840868
2369,0.837098
2811,0.824118
12007,0.820649
7386,0.805859
7777,0.795104
15180,0.79498
10493,0.791653
7109,0.784094
6572,0.774348
9290,0.767972
12204,0.763435
14459,0.763085
15655,0.761542
12117,0.75951
15500,0.758842
15278,0.75758
13077,0.755008
13653,0.753854
5686,0.752787
7324,0.750083
11555,0.749716
3151,0.745431
5578,0.744419
14017,0.742754
4271,0.741267
4437,0.740601
14458,0.740377
3164,0.737798
15352,0.736624
7597,0.735964
15473,0.735916
3700,0.735164
10156,0.73381
9138,0.732274
14718,0.731357
12307,0.731106
3144,0.726808
9969,0.725314
11098,0.724
8846,0.720325
10408,0.719451
6949,0.718356
5530,0.715521
8007,0.715229
9450,0.712977
6366,0.711207
7216,0.709944
9553,0.707759
15664,0.707715
12670,0.706706
3772,0.706575
10352,0.705553
8014,0.703045
13925,0.702416
14765,0.70203
15416,0.700327
4882,0.699308
6337,0.698935
4331,0.698378
6725,0.698339
8581,0.697558
10869,0.695362
9524,0.693608
15534,0.692282
9942,0.691782
12801,0.690458
4921,0.687817
10795,0.686394
4662,0.684433
7255,0.683751
12345,0.683667
14803,0.682025
2401,0.681351
4303,0.681306
15456,0.680177
3155,0.679793
5594,0.679709
12514,0.679517
8475,0.677661
12190,0.674911
11278,0.674755
14445,0.672922
2884,0.672857
13052,0.672624
15659,0.671776
5296,0.67155
10510,0.668314
8432,0.667779
10031,0.667236
9049,0.666663
7349,0.666592
11437,0.666424
8272,0.663635
4784,0.663286
4125,0.662944
4389,0.661799
10212,0.66158
2515,0.660695
5652,0.659844
8752,0.659802
6509,0.65884
11724,0.658553
11105,0.658547
5971,0.658514
9510,0.658118
14165,0.657824
13652,0.65782
6287,0.657586
4227,0.657421
15692,0.657273
8377,0.657233
7260,0.657132
14003,0.656992
15501,0.655751
8267,0.655572
7001,0.655317
15768,0.653747
4085,0.653713
13504,0.653302
13636,0.653047
10086,0.652555
9061,0.652394
12896,0.651564
3483,0.65131
8283,0.650323
5305,0.650191
7825,0.650182
9176,0.649811
6670,0.645988
13952,0.645942
11365,0.645461
13588,0.645445
8570,0.644896
13064,0.644622
10171,0.644373
3368,0.644298
4931,0.644105
11175,0.643043
12478,0.642389
9649,0.642286
8851,0.641923
8709,0.641626
14463,0.640411
13424,0.64003
2485,0.638922
12390,0.638355
10271,0.636881
2907,0.634206
7153,0.631753
9614,0.631527
11936,0.631499
6870,0.630737
9706,0.629537
12250,0.629513
6539,0.629234
12874,0.629152
14694,0.629149
12797,0.628989
13706,0.628819
11304,0.628275
11985,0.627174
4373,0.627013
13961,0.626662
11774,0.626203
12592,0.625648
3485,0.62556
2594,0.625237
11290,0.624815
7509,0.62433
12301,0.623989
12419,0.623037
10559,0.622941
4773,0.622754
9759,0.622621
6026,0.622288
4742,0.620849
7732,0.620648
15402,0.620484
6792,0.620298
6414,0.618615
3407,0.618187
12628,0.618163
12534,0.617376
7174,0.617366
6370,0.617105
4864,0.616986
10872,0.616869
3436,0.61675
9929,0.615788
3699,0.61548
13625,0.615385
9828,0.61464
10236,0.613575
11672,0.613265
6694,0.613185
12732,0.613137
12750,0.612523
9128,0.611934
11921,0.611404
3489,0.610507
5617,0.610507
12638,0.610032
12955,0.609092
5674,0.60891
12461,0.60804
9733,0.60736
9531,0.607308
13789,0.607298
3130,0.60656
5417,0.606446
13115,0.606272
13735,0.606151
3277,0.605028
4848,0.604334
13203,0.603969
2810,0.603436
10469,0.60313
11213,0.602965
15172,0.602872
7102,0.602749
2803,0.602548
15598,0.602043
4869,0.601109
12460,0.600991
15620,0.600867
15162,0.600579
9590,0.599653
12489,0.599156
7914,0.598512
12575,0.598044
2664,0.596541
14628,0.595901
2789,0.595242
11313,0.595091
9252,0.594006
11521,0.593883
10322,0.593129
10418,0.592523
2372,0.592517
3671,0.59217
8224,0.591111
5137,0.591033
9516,0.590696
6492,0.589268
3128,0.589191
6209,0.589178
2751,0.588802
6248,0.588783
7891,0.58866
12924,0.588496
5483,0.58842
6784,0.588365
10016,0.588221
6062,0.588193
15575,0.587981
12977,0.587803
10816,0.587684
14961,0.587096
11424,0.586165
9980,0.586068
10485,0.585887
8145,0.585779
8380,0.585691
4160,0.58569
3966,0.585445
10427,0.585436
14212,0.585412
9646,0.584928
2813,0.584768
4782,0.584635
3881,0.584425
7771,0.583873
5058,0.583394
14104,0.58324
15299,0.582945
14990,0.582786
4324,0.582602
12883,0.582286
2460,0.582274
10033,0.5822
15441,0.581593
13089,0.581216
2358,0.580394
4789,0.580337
11882,0.580137
14625,0.57999
14796,0.57956
2591,0.579486
9609,0.579229
5402,0.579039
11020,0.578692
7622,0.578676
14080,0.578284
9981,0.578216
6617,0.578142
5902,0.578093
11305,0.578028
2770,0.577889
9420,0.577776
4914,0.577688
3200,0.577296
5102,0.576723
12176,0.576251
13831,0.576148
2592,0.575356
9636,0.574971
13174,0.574148
5772,0.573476
4544,0.573288
10102,0.57313
2318,0.573034
6630,0.573
15334,0.572712
9902,0.572575
11240,0.572429
9894,0.572278
10499,0.572143
9536,0.571729
3899,0.57119
11997,0.571161
4932,0.570871
13724,0.570711
10798,0.570205
7706,0.570011
10592,0.56994
13669,0.569576
6329,0.569402
14256,0.569347
11613,0.569323
3574,0.56924
11451,0.569232
2828,0.569074
6446,0.569003
11485,0.568922
7373,0.568851
4422,0.568815
3595,0.567694
3576,0.5676
8900,0.567488
13752,0.567488
8880,0.567097
5088,0.566918
14991,0.566869
6731,0.566781
11659,0.566775
4666,0.566562
13006,0.566013
7691,0.565348
7211,0.565333
4328,0.565309
14307,0.565223
6237,0.56479
9528,0.564564
13620,0.56434
2962,0.564335
8502,0.564005
9875,0.563683
7365,0.563655
11502,0.563383
6374,0.563021
8373,0.562484
8932,0.562412
13412,0.562286
14604,0.562218
9916,0.562019
10646,0.560897
12565,0.560259
2958,0.56011
9011,0.560103
6230,0.559013
6343,0.558886
10106,0.558864
4458,0.558854
11624,0.558532
9866,0.558135
13138,0.557914
7129,0.557862
11258,0.557817
5168,0.557233
7123,0.557128
13578,0.557036
11537,0.556729
13296,0.556727
6916,0.556458
6990,0.556357
4446,0.556332
7207,0.556207
10000,0.556134
4511,0.556133
10859,0.555624
7427,0.55521
13632,0.554939
15487,0.554776
11147,0.554598
5040,0.55456
12259,0.554559
13104,0.554214
15610,0.553967
13514,0.553899
2478,0.553724
13684,0.553514
2304,0.553428
15663,0.553382
15565,0.55329
4491,0.55309
15211,0.552715
13357,0.552183
9414,0.552126
4348,0.552091
6454,0.552055
4676,0.551975
7702,0.551637
8665,0.551618
15250,0.551341
3650,0.551286
11025,0.551196
11303,0.550907
5609,0.550263
11134,0.549829
2858,0.549818
2321,0.549623
6713,0.549596
5665,0.549573
7158,0.549128
11984,0.548873
13722,0.548856
4567,0.548386
14048,0.548203
7040,0.548183
8127,0.547721
5161,0.547634
12340,0.547602
6320,0.54745
13342,0.547408
12189,0.547324
15078,0.547191
3433,0.547007
2805,0.546906
14986,0.546858
3910,0.546831
10757,0.546565
3660,0.546328
8169,0.5459
15572,0.545437
6687,0.545384
14582,0.544978
7317,0.544969
13780,0.544764
14377,0.544731
14861,0.544187
15360,0.544174
12245,0.543961
9066,0.543819
14788,0.543711
10720,0.542386
5673,0.542341
3585,0.542328
3387,0.542289
13712,0.54226
12163,0.542137
14985,0.54194
13873,0.54192
10011,0.541862
7353,0.541775
9476,0.54177
6322,0.5416
8078,0.541395
10563,0.540985
4710,0.540951
8668,0.540904
15645,0.540898
9991,0.540686
10304,0.54043
4240,0.540189
12087,0.540139
8515,0.540134
8195,0.539844
14699,0.539644
14274,0.539448
9504,0.53935
8800,0.539342
13647,0.539312
10387,0.539222
12879,0.53916
5075,0.539102
14124,0.538928
12574,0.538841
13134,0.538726
4065,0.538353
7495,0.538278
13871,0.538251
9740,0.538051
7764,0.537889
11075,0.537592
10845,0.537433
3941,0.537149
11773,0.537068
8749,0.53625
2406,0.535836
8388,0.535826
4116,0.535349
12306,0.535296
8598,0.535094
2796,0.534845
14173,0.534655
4585,0.534398
11820,0.53438
11198,0.534374
12247,0.534331
2384,0.534256
7977,0.534184
15208,0.533926
6022,0.533713
2739,0.53362
7811,0.533105
5369,0.533023
14978,0.533012
5077,0.532747
3361,0.532473
4723,0.532252
12934,0.532187
8767,0.532083
3559,0.532019
10565,0.531668
4267,0.531571
5969,0.531515
3513,0.531412
8109,0.531228
5817,0.53105
8958,0.530854
10566,0.530739
2659,0.53072
11872,0.530612
7252,0.530611
4275,0.530417
4697,0.530363
6057,0.530331
12878,0.530322
8704,0.530205
4655,0.529947
2671,0.529816
3248,0.529516
8945,0.529394
4200,0.529286
9178,0.529283
14071,0.529207
5496,0.529072
15447,0.529011
13796,0.528663
13678,0.528452
12899,0.528028
9666,0.527798
14963,0.527796
13765,0.52776
10209,0.527669
10765,0.527252
13784,0.52724
14706,0.526986
4095,0.526838
13843,0.526821
4496,0.526566
6141,0.526279
10640,0.526069
15489,0.525862
14984,0.525756
15676,0.525678
3296,0.525415
15756,0.52536
12491,0.525113
5469,0.524981
6028,0.52478
5907,0.524732
6794,0.524722
8494,0.524612
13671,0.524524
6552,0.524371
14466,0.524364
5592,0.524272
5849,0.523465
2443,0.523435
10239,0.523271
3324,0.523228
15618,0.523122
10777,0.522956
6229,0.5225
11676,0.522212
9357,0.522202
11824,0.521937
8859,0.521798
6601,0.521768
10639,0.521649
9366,0.521264
8866,0.521082
9773,0.520548
12820,0.520414
3820,0.520292
4976,0.520071
7395,0.519845
6536,0.519842
3283,0.519664
7099,0.519517
2628,0.519496
10420,0.51936
9270,0.519294
14369,0.51929
7407,0.518802
12504,0.518798
6965,0.518686
11125,0.518628
14730,0.51858
9046,0.518481
15080,0.518363
15657,0.518302
12566,0.518135
9437,0.518012
2403,0.517934
15121,0.517634
4054,0.517419
8551,0.517173
10147,0.517143
4845,0.517
8739,0.516974
6828,0.51697
2826,0.516877
9165,0.516238
10992,0.516066
3751,0.515938
8922,0.515633
9589,0.515612
12579,0.51553
10560,0.515427
9763,0.515095
3073,0.514998
7545,0.514887
4654,0.514677
4829,0.5146
9748,0.514523
9206,0.514404
7729,0.514274
14467,0.513802
8725,0.513214
7746,0.513061
8928,0.512922
5814,0.512601
7841,0.512567
14763,0.512522
9499,0.512438
8453,0.511852
4443,0.511829
14871,0.511575
7332,0.511522
12532,0.511379
11474,0.51131
14595,0.511304
12935,0.511216
9687,0.510946
15093,0.510912
10848,0.510555
10949,0.510178
14234,0.510125
6925,0.509992
15703,0.509829
9647,0.509646
7821,0.509538
13798,0.509521
5260,0.509425
2567,0.509414
11627,0.509412
7032,0.509307
3419,0.508925
6623,0.508584
13812,0.50854
9130,0.508306
15001,0.508117
4358,0.50811
14096,0.508078
13786,0.508034
4679,0.507922
11717,0.507685
8132,0.507198
5537,0.507162
8816,0.506755
9917,0.506565
9309,0.506494
7552,0.506044
12700,0.506023
2510,0.505915
15729,0.50589
11952,0.505772
6595,0.505727
14042,0.505688
10164,0.505658
3119,0.50565
13263,0.505637
7643,0.505541
4709,0.505511
12795,0.50546
10606,0.505445
8909,0.505433
10494,0.505372
15246,0.505323
6590,0.505087
11008,0.505016
14660,0.504704
7515,0.504689
8482,0.504629
12379,0.504527
9682,0.504507
8430,0.504482
15289,0.504459
10730,0.504195
15470,0.504156
7721,0.504029
15415,0.50402
7763,0.503641
4598,0.50341
6656,0.503399
13041,0.50318
14404,0.502852
12760,0.5027
14933,0.50253
9386,0.502453
13969,0.502349
8215,0.502251
10609,0.501874
8028,0.501851
11847,0.501782
8467,0.50169
8134,0.501511
8306,0.501265
3991,0.501016
3068,0.500342
5441,0.500116
14331,0.500022
4459,0.499608
14138,0.499324
2491,0.499293
2456,0.499285
6487,0.499105
6997,0.498707
7610,0.498145
13049,0.498127
3030,0.497871
3608,0.497599
10394,0.497518
5848,0.497463
7852,0.49743
11124,0.497417
5906,0.497393
14304,0.497331
7575,0.497068
4687,0.497042
8877,0.497013
12337,0.496784
13176,0.49652
13773,0.496396
8858,0.495888
6361,0.495789
13320,0.495592
7159,0.495541
3610,0.495387
5951,0.495144
7487,0.495113
4148,0.495055
6273,0.495005
12979,0.494719
9024,0.494554
6412,0.494492
4277,0.494466
15743,0.494431
12104,0.494402
4677,0.494347
5764,0.494304
11199,0.493983
6797,0.493855
15626,0.493738
10488,0.493569
5071,0.493562
10464,0.493561
9390,0.493552
5931,0.493439
3606,0.493435
8376,0.49342
12607,0.493335
7412,0.492959
13317,0.492904
7497,0.49289
5642,0.492827
2505,0.492736
13908,0.492653
3352,0.492605
5701,0.492561
3198,0.492472
9927,0.492459
3499,0.492386
8817,0.492238
5895,0.492179
6969,0.492137
3622,0.491954
4488,0.491919
4002,0.491831
9575,0.491717
9022,0.491629
2279,0.491622
3761,0.491529
5274,0.491501
8811,0.491433
5318,0.491128
4756,0.49105
7916,0.490951
11996,0.490941
6470,0.490928
3657,0.49089
10651,0.490701
4302,0.490636
15509,0.490548
5851,0.490369
7473,0.490247
4445,0.490158
11033,0.490156
9789,0.490135
2814,0.489951
3818,0.48975
5743,0.489718
10703,0.489707
9193,0.489384
11212,0.489295
2417,0.488942
2823,0.488717
12456,0.488624
7886,0.488613
10228,0.488552
5452,0.488465
6052,0.488359
12588,0.488107
11691,0.487944
11621,0.487825
7889,0.487773
11281,0.487744
4860,0.487644
5759,0.487547
14979,0.487303
4640,0.487055
8974,0.487004
14873,0.486926
8527,0.486906
9444,0.486637
4413,0.486563
13659,0.486559
12996,0.486395
4233,0.486394
6274,0.48636
9751,0.486237
5242,0.486177
5433,0.486155
3577,0.48595
4760,0.485947
4087,0.485805
4876,0.485772
11489,0.485729
4306,0.485617
2605,0.485595
5726,0.485513
7549,0.485291
4957,0.485068
3531,0.484919
3242,0.484814
10810,0.484786
10367,0.484681
7847,0.484626
7903,0.484506
11038,0.484407
15343,0.484191
5894,0.484115
8762,0.483988
6603,0.483981
6316,0.483888
15020,0.483858
6109,0.48364
7951,0.483595
15607,0.483471
9862,0.483456
11874,0.483403
4968,0.483394
11326,0.483376
10561,0.483177
13338,0.483044
10450,0.482995
7963,0.482733
14767,0.482653
14094,0.482544
14470,0.482396
10998,0.482311
5742,0.482196
9267,0.481986
3568,0.481867
13774,0.481781
10736,0.481587
14258,0.481552
4186,0.481412
11190,0.481112
5854,0.48109
2892,0.480984
2952,0.480982
15593,0.480982
5111,0.480952
14919,0.48087
4844,0.480717
10607,0.480689
6566,0.480659
3183,0.480541
8416,0.480505
5744,0.48044
14941,0.480364
2455,0.480356
6095,0.480278
9818,0.480186
11186,0.480052
10568,0.480005
12375,0.479967
5755,0.479676
3572,0.479674
8716,0.479449
4923,0.479402
5144,0.479287
14063,0.479233
3624,0.479183
5715,0.479146
15774,0.479074
11943,0.478842
15214,0.478716
14615,0.478682
3976,0.478672
11519,0.478584
10549,0.478518
15644,0.4785
12386,0.478335
4173,0.478292
5615,0.478258
2480,0.478238
10874,0.478015
4637,0.477627
15478,0.477599
13224,0.477434
11459,0.477413
4985,0.477313
5597,0.477265
3541,0.477257
13345,0.477115
14035,0.477114
7119,0.47691
10279,0.476895
15173,0.476838
11752,0.47677
14859,0.47672
5799,0.47668
13715,0.476667
7947,0.476657
3234,0.476633
10567,0.476533
13593,0.476532
3718,0.476523
12218,0.476321
7148,0.476223
2882,0.476117
9787,0.475978
4879,0.47597
14841,0.475945
4305,0.475896
14250,0.475859
7358,0.47548
2755,0.475453
3047,0.475448
10043,0.47537
3466,0.475322
12939,0.475198
2831,0.475019
6696,0.474986
15427,0.474978
8541,0.474974
2615,0.474841
13498,0.474798
13044,0.474683
6584,0.474513
11854,0.474503
2379,0.474479
12627,0.474212
4618,0.474189
14290,0.474182
10060,0.474097
10376,0.474087
10436,0.473933
10174,0.473756
10299,0.473756
3895,0.473744
4779,0.473722
12894,0.473693
3582,0.473671
8264,0.473626
7045,0.473456
11837,0.473332
6691,0.473118
7922,0.473071
3019,0.473032
7619,0.473029
5416,0.472877
14161,0.472811
9149,0.472652
10604,0.472417
14142,0.472362
5552,0.472359
14306,0.472225
7965,0.472176
7050,0.472087
9959,0.472069
7044,0.471999
11848,0.471983
6629,0.471907
3780,0.471903
11630,0.471686
14922,0.471463
5762,0.471388
14538,0.471388
3724,0.471342
15515,0.471044
11770,0.470939
12875,0.470879
8473,0.470725
9768,0.470711
6677,0.470692
14365,0.470374
8603,0.470365
8923,0.470339
13996,0.47016
8098,0.47013
7182,0.470105
10507,0.4701
8614,0.470083
14420,0.470079
14084,0.469996
4781,0.469929
9705,0.469925
2516,0.469911
7627,0.469894
8833,0.469891
7003,0.469861
8820,0.469194
9576,0.469159
9163,0.469012
12444,0.468923
10763,0.468902
4281,0.468751
4548,0.468724
9408,0.468722
9185,0.46827
8642,0.468265
3853,0.468134
12956,0.468115
12047,0.468112
14335,0.468094
11056,0.467911
4891,0.467827
15566,0.46781
10008,0.4678
12675,0.467783
4649,0.467634
9317,0.467634
15461,0.467607
7690,0.467394
7193,0.467232
8366,0.467135
14384,0.466666
2342,0.466618
9336,0.466315
12034,0.46622
15492,0.466194
9837,0.466188
9356,0.465996
8260,0.465864
15398,0.465849
12932,0.465474
11470,0.46545
4112,0.465392
6348,0.465371
8322,0.465245
4395,0.46516
13427,0.465074
14393,0.465046
5132,0.464947
5867,0.464632
13207,0.464606
5459,0.464591
7962,0.464583
14246,0.464542
4184,0.46444
11990,0.464002
14826,0.46381
2660,0.463648
12145,0.463629
7042,0.463619
14668,0.463507
11963,0.463462
4017,0.463384
3673,0.463371
13865,0.463239
5784,0.4632
8613,0.463186
14172,0.463171
4037,0.463141
14487,0.463021
6884,0.462839
5869,0.462806
13839,0.462797
2273,0.462625
10258,0.462622
5778,0.462534
3396,0.462429
12656,0.462423
12216,0.462331
3830,0.462233
11825,0.461953
4183,0.461889
15280,0.461883
10285,0.461877
13990,0.461872
7059,0.46183
7787,0.461789
6038,0.46175
11839,0.46172
4995,0.461623
11024,0.461582
2447,0.461566
3133,0.461527
8512,0.461347
2999,0.461212
15296,0.461025
14567,0.46102
12798,0.460684
14872,0.460509
9840,0.460352
13983,0.460299
4907,0.460272
10038,0.460244
14050,0.460195
9762,0.460101
7898,0.460021
5136,0.459912
9221,0.459887
9433,0.459592
7494,0.459536
11661,0.459523
3105,0.459463
2829,0.459428
14672,0.459333
11249,0.459204
14164,0.459181
10434,0.459106
13169,0.458997
8838,0.4589
2526,0.458632
7435,0.458542
7169,0.458519
8460,0.458401
9261,0.458323
13614,0.458167
3814,0.458157
11154,0.458153
6905,0.458099
6714,0.458067
7823,0.457993
8861,0.457963
3309,0.457953
10996,0.457833
14568,0.45741
5081,0.457389
7956,0.457305
4872,0.457168
6515,0.457056
4047,0.456928
12268,0.456921
2412,0.456915
13656,0.456847
8140,0.456748
13664,0.456606
9519,0.456561
8906,0.456484
4767,0.456453
8585,0.456301
4108,0.456259
10423,0.456048
11000,0.455948
13994,0.455941
6872,0.455847
11493,0.455736
4198,0.45548
6568,0.455441
13200,0.45543
10468,0.455409
10939,0.455337
4589,0.455252
14681,0.455246
13352,0.455177
12387,0.455074
8324,0.45502
3474,0.454853
8936,0.454791
11641,0.45472
4669,0.454501
6192,0.454484
9310,0.45438
14921,0.454322
10658,0.454308
4486,0.454262
8006,0.454091
12665,0.454088
9328,0.454078
8364,0.454067
5776,0.453982
12517,0.453931
15576,0.453929
8302,0.453871
4417,0.453758
13418,0.453745
5888,0.453672
4790,0.453618
14811,0.453613
8451,0.453539
11528,0.453475
8081,0.45345
5780,0.453359
7485,0.453248
13375,0.453242
7492,0.453099
10486,0.452912
7186,0.452685
14139,0.452577
5127,0.452509
12901,0.452481
13092,0.452475
5462,0.452427
12133,0.452345
13171,0.452297
5709,0.452285
3148,0.452267
10671,0.452259
15606,0.452175
13423,0.452114
11846,0.452104
9028,0.452089
8579,0.452056
9943,0.451893
10270,0.451858
11955,0.451662
9037,0.451637
4072,0.451582
8269,0.451337
10726,0.451276
10811,0.451084
6068,0.451007
7530,0.450932
7287,0.450925
9891,0.450898
9144,0.45087
7556,0.450659
6843,0.450633
5872,0.450431
2435,0.450411
10203,0.450385
5698,0.450111
13710,0.450022
4261,0.45
8940,0.449963
5987,0.44994
12793,0.449921
7559,0.449863
13045,0.449748
5254,0.449736
9998,0.449714
14653,0.449665
11896,0.449624
7919,0.449495
10096,0.449313
8657,0.449211
7382,0.448992
14993,0.448981
14195,0.448942
13399,0.448651
12992,0.448544
7095,0.448387
3008,0.448383
5981,0.448348
2525,0.448069
7326,0.448061
12975,0.448051
6163,0.447965
13940,0.447912
2502,0.447645
12260,0.447624
7227,0.447571
7576,0.44753
4094,0.44738
5108,0.447255
3652,0.447169
6642,0.447094
13822,0.447
15391,0.446918
3287,0.446851
15220,0.446809
5595,0.44678
12242,0.446765
14807,0.446737
12597,0.446506
5774,0.446439
12576,0.446374
14895,0.446317
13038,0.446277
13737,0.446125
10522,0.446032
9177,0.445998
8082,0.445956
9196,0.445864
14122,0.445829
10444,0.445652
6757,0.44565
2986,0.445623
14498,0.4456
10680,0.445532
13851,0.445494
3688,0.445172
10145,0.445094
4140,0.445061
12785,0.445006
5768,0.444953
9093,0.444951
3392,0.444789
11436,0.444647
7615,0.444627
13372,0.444564
9732,0.444505
7041,0.444503
2730,0.4445
9380,0.444479
12619,0.444329
15671,0.444259
13059,0.444185
9107,0.444056
14100,0.444034
14469,0.443966
7654,0.443738
7656,0.443717
7683,0.443644
15700,0.44357
5487,0.443498
11445,0.443378
11950,0.44336
11862,0.443246
6000,0.4432
4176,0.443141
6427,0.443141
12777,0.443048
4559,0.443025
8208,0.442968
4780,0.442922
10150,0.442825
13535,0.442824
10342,0.44266
5945,0.442588
12573,0.442517
13571,0.442411
8574,0.442369
9159,0.442306
4210,0.442144
14001,0.441891
4157,0.441854
3071,0.441693
2513,0.441392
10428,0.441248
12697,0.441174
11050,0.441162
15141,0.441134
3040,0.441065
7490,0.441002
11535,0.441002
14707,0.440983
3905,0.440972
14370,0.440896
4963,0.440825
11729,0.44082
6072,0.440808
3349,0.440759
4610,0.440618
11603,0.440601
10128,0.440463
14330,0.440436
2800,0.440375
8429,0.440323
8644,0.439968
2580,0.439918
15161,0.439865
11148,0.439791
7414,0.43977
8999,0.439719
11463,0.439675
4343,0.439486
8383,0.439453
5460,0.439369
12339,0.439356
7437,0.439315
13298,0.439166
2532,0.439149
14167,0.439008
8133,0.438936
7618,0.4389
10741,0.438825
5613,0.438752
14098,0.438652
3543,0.438559
4883,0.438405
5628,0.438385
14178,0.438243
6862,0.438087
13761,0.438035
4451,0.43802
15302,0.437953
2666,0.437893
3896,0.437861
2431,0.437827
12983,0.437822
14964,0.437669
10861,0.437635
2700,0.43756
11144,0.437526
15385,0.437502
9616,0.437431
2687,0.43741
7007,0.437334
13239,0.437307
2420,0.437305
5934,0.437298
3611,0.437212
6243,0.437186
13277,0.437096
7115,0.437064
14210,0.436984
3301,0.436903
14439,0.436897
8397,0.436878
5036,0.436713
8630,0.436664
7905,0.436522
13490,0.436484
9291,0.436438
6671,0.436404
7144,0.436402
12355,0.43638
4906,0.436355
13383,0.436164
10632,0.435712
15706,0.435555
12433,0.435535
7081,0.435507
5275,0.435456
4438,0.435451
10448,0.435428
7006,0.435376
14061,0.435354
10899,0.435348
10746,0.435299
4307,0.435253
10100,0.435221
3185,0.435194
13560,0.435158
5693,0.435097
5771,0.435081
14450,0.434996
12857,0.434988
7990,0.43494
2667,0.434911
6065,0.434905
5798,0.434826
12251,0.434798
11452,0.434751
11165,0.434635
8689,0.434611
4188,0.4346
6600,0.434569
3791,0.434563
15574,0.434498
6352,0.434435
6651,0.43441
5573,0.434277
7092,0.434271
7854,0.434251
12166,0.434215
3929,0.434183
13227,0.434076
5968,0.434004
11031,0.433737
15232,0.433736
5307,0.433719
7508,0.433591
15115,0.43354
5536,0.433528
9909,0.433383
7481,0.433225
6941,0.433203
12952,0.433144
3570,0.433126
7422,0.43305
5903,0.433045
6125,0.433041
9283,0.432992
9637,0.432945
3348,0.432902
13746,0.432496
13141,0.43247
7513,0.432449
5835,0.432415
12782,0.432415
6808,0.432204
3180,0.432181
6246,0.432121
2376,0.431918
11472,0.431876
14721,0.431868
7606,0.431842
15320,0.431827
6048,0.431678
15076,0.431678
9557,0.431659
7946,0.431553
10883,0.431495
8965,0.43144
5783,0.431384
10707,0.431348
10724,0.431266
10844,0.431248
5288,0.431116
12074,0.431083
2837,0.430959
6668,0.43093
13273,0.430857
5621,0.430741
4139,0.43067
2325,0.430526
4802,0.430526
12614,0.430477
4215,0.430415
3550,0.4304
11388,0.430387
6959,0.430363
11336,0.430327
10088,0.430266
13745,0.430257
4730,0.429816
8755,0.429726
12244,0.429725
2561,0.42961
12855,0.429488
2375,0.42948
2808,0.429425
10873,0.429354
3460,0.429327
6563,0.429312
12805,0.429029
6218,0.429023
13117,0.428985
15758,0.428869
5852,0.428858
8841,0.428857
8297,0.428847
9263,0.428837
15089,0.428829
2643,0.428816
11961,0.428816
14555,0.428793
9689,0.428739
7399,0.428697
3716,0.428581
11565,0.428581
7988,0.42852
11037,0.428486
15104,0.42845
15160,0.428365
9607,0.428295
10495,0.428285
4688,0.428236
12194,0.428123
3664,0.428114
6476,0.428062
14905,0.428006
6164,0.427995
13828,0.427995
3546,0.427986
11081,0.427913
15481,0.427854
13036,0.427852
14371,0.427819
14125,0.427786
5878,0.427679
4102,0.427575
3939,0.427538
10364,0.427511
5697,0.427473
6010,0.427404
6766,0.42738
10958,0.4273
10751,0.427212
9639,0.427207
6104,0.427163
13913,0.427141
11853,0.426925
12054,0.426903
9300,0.426893
10329,0.426852
7155,0.426841
9668,0.426645
3954,0.426576
7072,0.426505
15128,0.426499
14848,0.426349
6692,0.426307
6789,0.426191
13928,0.426109
11475,0.426036
6076,0.425836
9685,0.425817
9846,0.425797
4425,0.42576
9132,0.425744
14464,0.425687
13270,0.425589
9368,0.425517
14354,0.425507
12017,0.425487
6768,0.425479
8102,0.425444
12739,0.425441
2942,0.425397
10107,0.425395
13700,0.425285
13465,0.425155
5072,0.425148
6769,0.425114
3237,0.425053
12763,0.425042
8436,0.424834
4942,0.424693
13568,0.424684
7124,0.424668
7522,0.424668
9032,0.424633
13886,0.424529
10653,0.42452
2681,0.424479
7814,0.424367
8832,0.424351
4431,0.424219
13149,0.42417
10047,0.42412
6733,0.424077
10580,0.423908
3888,0.423882
3365,0.423868
7408,0.423838
2917,0.423568
15426,0.423563
12257,0.423551
9671,0.42353
11345,0.42351
7198,0.423457
15727,0.4234
13223,0.42329
7738,0.423262
10981,0.42325
6036,0.423075
13008,0.422996
4568,0.42299
9264,0.422984
10110,0.422899
11708,0.422866
6570,0.422864
11561,0.422863
9888,0.422857
10630,0.42281
14563,0.422799
3308,0.422751
14698,0.422732
12858,0.422637
6529,0.422622
14312,0.4225
15778,0.422484
9031,0.422296
4592,0.42229
12531,0.422219
11453,0.422215
9057,0.422198
13403,0.422184
9555,0.422107
11722,0.422105
4841,0.422059
7624,0.422014
6883,0.421965
5889,0.421939
9118,0.421841
7931,0.42182
5431,0.421755
13764,0.421658
13366,0.421614
4958,0.421559
5874,0.421496
8635,0.421251
11114,0.42117
15389,0.421055
6449,0.420958
10122,0.420943
6605,0.420922
9610,0.420708
13782,0.420693
12313,0.420654
13098,0.420654
5643,0.420611
6957,0.420419
14288,0.420417
6478,0.420372
5746,0.420303
10251,0.420211
5024,0.420195
10062,0.420122
9412,0.420063
3461,0.420044
9714,0.419982
13202,0.419947
10833,0.419936
13371,0.419902
13968,0.419765
4751,0.41974
5291,0.419522
7290,0.419463
14201,0.419413
5177,0.419408
9556,0.41937
6597,0.41929
11601,0.41928
8986,0.419219
14046,0.419186
4350,0.419176
6471,0.419097
5940,0.41908
9041,0.419038
14386,0.418892
11119,0.418861
15374,0.418807
14822,0.418735
6816,0.418633
11208,0.41855
8255,0.418534
8213,0.418519
3140,0.418511
9501,0.418499
6285,0.41847
7985,0.418462
10526,0.418448
14824,0.418445
9810,0.418443
7283,0.418328
3021,0.418324
3418,0.418309
5908,0.418281
7462,0.418239
5542,0.41812
3085,0.418116
14065,0.41806
2595,0.417996
4336,0.417957
6567,0.417934
4406,0.417888
13770,0.41784
2677,0.417832
6008,0.417822
8408,0.417738
3428,0.4177
14633,0.417576
8172,0.41753
8822,0.417494
4601,0.417489
15497,0.417425
8051,0.417396
4064,0.417391
11233,0.417386
14624,0.417347
3942,0.417281
12450,0.417203
2768,0.417195
5677,0.417182
2411,0.417067
10513,0.417004
2792,0.416945
10317,0.416879
4335,0.416851
10332,0.416787
15290,0.416757
3502,0.416742
4564,0.41668
7628,0.416641
7206,0.416582
3701,0.416569
15169,0.416549
2410,0.416496
3825,0.416454
7031,0.416454
14734,0.4164
15425,0.416376
9507,0.416337
8119,0.416326
11692,0.416296
13269,0.416241
5066,0.416212
3023,0.416194
5065,0.41616
10237,0.416129
8474,0.416098
2577,0.416084
14629,0.416056
7436,0.415965
9059,0.415936
14999,0.41577
8643,0.415739
7652,0.415729
11523,0.415658
7704,0.415635
11095,0.415579
3653,0.415573
11513,0.415572
6496,0.41554
13319,0.415482
5221,0.415388
11439,0.415371
14827,0.415335
3569,0.415276
10954,0.415108
15410,0.415106
14888,0.41508
13840,0.415071
4746,0.415042
11194,0.415012
9129,0.414991
5033,0.414927
3060,0.414767
10275,0.414752
15468,0.41467
3042,0.414652
4791,0.414516
4832,0.414509
10196,0.414507
8943,0.414498
10298,0.414497
11911,0.414475
10152,0.41444
7270,0.414297
15351,0.414223
11927,0.414103
4856,0.414079
9025,0.41402
14051,0.414017
7800,0.413899
15694,0.413875
3305,0.413744
7209,0.413704
6358,0.413645
6481,0.413592
8676,0.413529
6579,0.413525
2630,0.413518
4097,0.413487
6866,0.413443
10186,0.413395
11968,0.413337
11757,0.413289
6770,0.413115
14714,0.413051
15203,0.413004
13118,0.412988
10136,0.412948
7223,0.412896
13550,0.412896
14030,0.41283
7393,0.412754
3075,0.41275
9835,0.412626
6349,0.412616
13806,0.412507
4674,0.412388
2697,0.412379
3145,0.412348
4067,0.412314
9976,0.412313
12342,0.412182
10705,0.412159
14303,0.412109
12322,0.411986
6452,0.411947
13307,0.411939
13739,0.411825
3452,0.41175
10747,0.411628
9027,0.411618
11806,0.411567
6025,0.411558
6845,0.411473
7246,0.411443
4647,0.411337
13858,0.411335
8074,0.411295
12999,0.411278
11273,0.411174
14805,0.41105
10040,0.411029
15573,0.410951
5382,0.41094
2893,0.410937
7584,0.410923
10374,0.410923
13087,0.410825
3506,0.410804
11623,0.410702
10013,0.41066
9453,0.41065
13917,0.410635
8464,0.410588
8040,0.410573
6100,0.410437
13788,0.410436
4123,0.410403
9602,0.41034
4005,0.410336
9632,0.410324
11578,0.410298
13376,0.410239
9327,0.410232
8455,0.410182
2734,0.410138
11781,0.410108
13811,0.409982
4993,0.409968
3764,0.409941
14682,0.409892
5605,0.409843
14041,0.409824
4514,0.409801
14927,0.409707
11255,0.409649
9853,0.409643
5486,0.409566
4357,0.409523
6613,0.409426
13556,0.409426
4850,0.409331
15428,0.409261
2357,0.409216
9435,0.409205
4137,0.40915
9988,0.409118
8171,0.40904
10743,0.409019
9070,0.409007
8461,0.408863
9302,0.408848
13826,0.408783
3571,0.408746
6198,0.408742
14823,0.408697
8123,0.408664
12436,0.408658
9265,0.408615
11080,0.408385
10756,0.408366
4566,0.408277
12200,0.408242
12081,0.408225
9332,0.408209
14471,0.408205
14395,0.408023
12309,0.40802
2654,0.407982
7360,0.407922
4656,0.407627
13583,0.407525
9737,0.407486
6035,0.407431
9465,0.407325
9934,0.40727
2980,0.407242
11957,0.407217
4492,0.40719
14929,0.407096
12286,0.407075
13783,0.40705
10247,0.40703
10440,0.406982
6045,0.406891
13616,0.406869
10787,0.406785
11152,0.406728
14235,0.406715
7261,0.406683
8586,0.406673
3741,0.406671
11296,0.406605
14134,0.406604
10570,0.406597
2955,0.406596
14168,0.406539
11698,0.406514
10357,0.406478
8975,0.406363
4150,0.406355
14297,0.4063
4202,0.406152
8695,0.40611
12414,0.40611
9957,0.406061
8899,0.406057
2797,0.406011
10780,0.405896
14587,0.405873
11976,0.405866
11342,0.405847
13387,0.405739
15460,0.405739
14829,0.405731
10633,0.405668
5508,0.405613
5050,0.405599
13723,0.405561
10576,0.405552
7364,0.405516
12158,0.405484
4904,0.405462
3072,0.405389
7593,0.405368
2926,0.405364
12391,0.405303
6416,0.405292
12965,0.405205
2716,0.405122
13482,0.40509
7406,0.405072
12978,0.405049
9765,0.405041
10393,0.404985
14739,0.404977
7262,0.404839
6170,0.404812
8896,0.404783
9488,0.404772
6453,0.404736
4489,0.404734
5966,0.404733
5670,0.404704
5839,0.404697
7775,0.404662
14169,0.40458
5663,0.404446
14503,0.404426
14107,0.404386
5021,0.404264
9550,0.404246
15025,0.404205
8150,0.404175
10642,0.404167
12683,0.404153
11995,0.404128
9761,0.404101
8381,0.403912
6150,0.403895
6305,0.403867
7034,0.403845
11877,0.403841
12155,0.403831
12341,0.403799
11644,0.403797
15238,0.403785
7204,0.403758
6587,0.403713
15321,0.403713
14511,0.403682
4142,0.403665
2462,0.403661
10860,0.403649
6632,0.403524
13863,0.403429
9824,0.403388
5057,0.403156
4840,0.403104
14652,0.4031
8054,0.403091
2646,0.403089
14735,0.40308
14203,0.403047
9217,0.403023
6363,0.402917
13404,0.402824
6317,0.402761
9381,0.402704
7824,0.402677
8717,0.402677
5255,0.402648
14383,0.40262
14101,0.402612
7910,0.402572
10696,0.402545
14784,0.402473
5651,0.402446
12008,0.402395
9848,0.40239
4729,0.402327
6297,0.402326
8545,0.402268
11402,0.402242
11775,0.402141
3059,0.401991
12270,0.401852
7449,0.401738
6029,0.401716
6071,0.401602
11468,0.401547
13847,0.401508
4224,0.401371
2767,0.401326
15690,0.401295
8693,0.401287
15608,0.401249
4368,0.401167
8619,0.401086
10710,0.400929
7820,0.400856
6958,0.400809
3329,0.400723
11399,0.400602
10668,0.400577
6041,0.400516
14623,0.400416
8199,0.400318
9014,0.400266
12277,0.400202
13325,0.40019
14831,0.400162
14909,0.400158
4001,0.400146
12551,0.400088
10972,0.400081
13852,0.400037
6923,0.400036
2484,0.39997
12863,0.399878
5448,0.39987
10837,0.39987
9854,0.399847
14828,0.399834
3796,0.399771
14444,0.399766
2704,0.399753
14008,0.39964
7669,0.399558
11049,0.39955
4456,0.399501
5368,0.399494
10801,0.399456
7071,0.399449
3517,0.399351
6314,0.399343
4282,0.399288
4045,0.399236
8050,0.399182
13426,0.399149
5327,0.399143
13379,0.399101
11809,0.3991
6111,0.39904
14545,0.399009
4314,0.398989
2539,0.398938
3600,0.398908
6602,0.398812
7375,0.398745
6943,0.39872
15508,0.398623
11771,0.398553
5215,0.398511
8342,0.398482
5143,0.398409
15054,0.398295
6325,0.398252
5387,0.39822
10274,0.398209
8426,0.398168
5049,0.397935
8117,0.397927
13193,0.397923
10804,0.397877
9253,0.397837
10229,0.39776
15496,0.397724
14857,0.397715
15630,0.397702
13308,0.397691
6441,0.397683
10363,0.397607
13777,0.397507
6039,0.397485
14860,0.397466
6543,0.397438
15423,0.397412
3514,0.397404
11036,0.397357
5022,0.397329
7335,0.397316
14400,0.397313
13090,0.397258
5315,0.397129
2424,0.396947
15397,0.396894
4761,0.39663
8727,0.39656
9631,0.396459
13718,0.396433
3573,0.396396
12402,0.396383
13716,0.396383
5632,0.396374
3137,0.396364
5404,0.396361
7547,0.396358
10474,0.396075
6887,0.395984
5550,0.39595
12790,0.395861
4853,0.3958
9727,0.395667
10739,0.395564
8549,0.395527
10169,0.395517
2880,0.395515
11496,0.395446
12696,0.395438
12968,0.395401
12431,0.395399
4091,0.395392
12401,0.395368
15118,0.395304
9856,0.395198
13661,0.39519
6972,0.395132
13349,0.394845
11608,0.394812
11960,0.394783
13198,0.394741
14886,0.394696
6806,0.394616
15325,0.394598
12486,0.394563
6304,0.394477
14589,0.39446
9286,0.394456
4982,0.394334
7368,0.394328
3364,0.394268
2640,0.394255
7896,0.394187
3220,0.394174
5393,0.394084
12201,0.394071
3420,0.394066
7415,0.394066
6963,0.39402
5472,0.393989
11163,0.39396
10569,0.393864
12350,0.393752
12748,0.393663
9483,0.393647
4483,0.393632
5149,0.393616
12132,0.393584
9955,0.39357
15231,0.393546
14442,0.393516
9285,0.393506
12056,0.393448
8294,0.393429
15018,0.393294
5543,0.39327
12581,0.393173
4066,0.39317
14762,0.393119
3458,0.393106
11330,0.393057
4099,0.392915
11587,0.392897
6776,0.392883
12234,0.392851
7599,0.392839
9936,0.392822
6998,0.39282
10157,0.392688
4937,0.392418
13271,0.392366
2629,0.392342
15666,0.392332
12095,0.39231
5074,0.392294
13956,0.392292
10085,0.392281
6184,0.392203
4378,0.392118
7273,0.392085
9249,0.392024
9784,0.392014
10942,0.391961
12900,0.391935
3328,0.39192
2354,0.391856
3876,0.391849
9565,0.391844
3565,0.391831
11172,0.391633
6644,0.391624
9736,0.39146
4766,0.39142
8656,0.391418
6024,0.391377
3082,0.391353
9213,0.391267
9288,0.391245
7491,0.39118
15055,0.391148
2963,0.39114
11130,0.391102
9194,0.391079
12644,0.391072
7221,0.39099
2698,0.390957
9505,0.390934
5834,0.390906
2680,0.390855
8870,0.390852
12981,0.390829
5258,0.390806
9052,0.390779
6930,0.390769
3409,0.390703
3209,0.390692
11441,0.390677
6205,0.390658
8701,0.390655
7327,0.390633
3039,0.390485
11053,0.390461
7276,0.390377
9101,0.390341
15635,0.39034
13063,0.390331
3912,0.390297
7837,0.390279
2542,0.390234
15405,0.390143
8182,0.390141
15518,0.390134
4342,0.390105
10365,0.390035
14123,0.389975
10708,0.389913
13870,0.389729
8173,0.389723
3333,0.389701
15207,0.38964
13736,0.389601
8212,0.389585
9940,0.38957
8661,0.38952
10647,0.389513
4264,0.389438
6680,0.389418
5373,0.389411
10471,0.389371
15072,0.38932
7885,0.389299
11780,0.389255
12099,0.389246
9808,0.389239
6291,0.38918
10744,0.389179
15036,0.389158
5985,0.389157
8039,0.389002
4415,0.388962
6663,0.388804
10455,0.388786
8705,0.388755
3386,0.388659
10232,0.388655
6342,0.388646
13703,0.388588
6284,0.388559
3675,0.38855
3846,0.388512
7904,0.388511
6009,0.388423
11425,0.388328
13339,0.388302
2549,0.388293
9345,0.388279
2294,0.388273
14494,0.388193
11166,0.388183
2992,0.388156
4513,0.388104
3935,0.388099
15265,0.38809
2349,0.388081
12227,0.388039
7051,0.387911
11363,0.387889
15301,0.38774
12293,0.387638
8556,0.387631
13688,0.387558
15736,0.387536
6612,0.38752
14531,0.387517
11746,0.387457
11764,0.387443
9699,0.387416
5063,0.387353
7734,0.387341
5639,0.387335
5323,0.387324
8189,0.387209
3961,0.387153
9648,0.387075
10080,0.387066
2919,0.387041
10685,0.386854
15590,0.386777
5730,0.386754
8646,0.38666
8471,0.386652
14946,0.386582
10371,0.386571
5308,0.386521
3721,0.386437
7762,0.386429
9293,0.386386
13682,0.386298
7876,0.386155
7630,0.386056
5858,0.386047
11593,0.385981
5756,0.385975
4728,0.385954
12582,0.38594
3465,0.385938
6019,0.38591
11945,0.385908
13285,0.385876
2315,0.385797
14618,0.38562
2898,0.385618
13721,0.385608
6080,0.38559
2879,0.385553
10069,0.385546
4436,0.385541
10396,0.385501
14648,0.385495
13520,0.385466
14795,0.385454
5856,0.385378
4130,0.385334
6098,0.385299
4338,0.385231
8061,0.385229
3879,0.385091
10210,0.385059
11827,0.38505
14281,0.38504
13577,0.384897
3375,0.384895
8404,0.38485
13516,0.384848
9421,0.384788
9372,0.38468
3118,0.384647
12707,0.384604
2280,0.384481
13821,0.384453
12052,0.384452
14132,0.384329
6350,0.384322
12989,0.384238
11434,0.384207
3226,0.384203
4424,0.384189
4842,0.384153
6586,0.384105
5959,0.383968
13268,0.383958
13310,0.383764
6302,0.383755
9975,0.383695
9723,0.3836
13355,0.383564
4361,0.383507
2353,0.383484
3793,0.383419
3769,0.383393
5384,0.383357
15148,0.383195
2312,0.38318
2875,0.383177
15209,0.383146
12988,0.383103
4922,0.383046
7954,0.382826
2948,0.382752
4242,0.382747
12605,0.382723
14588,0.382677
13183,0.382647
9619,0.382635
12669,0.382595
2748,0.382585
3267,0.38251
11306,0.382497
6046,0.382493
13730,0.382425
7080,0.382357
3860,0.382325
3043,0.382273
6635,0.382221
10326,0.38222
8950,0.382166
6574,0.382127
14060,0.382125
9965,0.382076
10857,0.382061
10541,0.382054
5190,0.382051
12425,0.381996
13818,0.38197
12758,0.381865
9322,0.381826
4226,0.381791
13613,0.381777
9899,0.381775
3578,0.381726
7608,0.38171
7677,0.381662
8621,0.3816
14270,0.381584
7747,0.381538
6508,0.381464
13343,0.381417
11922,0.381399
15291,0.381273
12374,0.381207
6017,0.381174
7650,0.381051
12211,0.381022
10348,0.38099
10602,0.380946
2507,0.380923
3598,0.380837
14131,0.380691
14321,0.380666
6265,0.380604
4291,0.3806
9804,0.380523
13637,0.380487
8214,0.380483
5280,0.380471
14887,0.38022
4098,0.380206
8002,0.380137
8156,0.380091
8765,0.380085
10390,0.380081
11082,0.379943
15332,0.379907
9189,0.379816
9344,0.379788
6558,0.379762
3020,0.379731
13253,0.379724
13909,0.379635
14690,0.379622
4629,0.379599
11500,0.379587
10929,0.379565
3258,0.379515
3988,0.379422
6307,0.379415
4545,0.3794
4115,0.379343
10807,0.379306
8677,0.3793
4753,0.379169
9133,0.379161
5675,0.379046
4523,0.379041
8845,0.37897
11092,0.378951
3089,0.378927
12284,0.378914
6993,0.378882
7370,0.378854
11065,0.37884
4008,0.378799
2747,0.378733
4815,0.378646
7780,0.378642
10140,0.378567
14462,0.378556
9486,0.378532
6160,0.378524
12046,0.378515
13436,0.378488
7226,0.378484
5030,0.378408
14794,0.378366
7504,0.378357
14586,0.378323
5079,0.378264
12672,0.378242
12480,0.378222
4010,0.378189
9721,0.378084
2861,0.377948
15021,0.377856
9858,0.377824
2635,0.377798
3613,0.37779
9072,0.377628
7727,0.377599
7303,0.377579
11035,0.377563
11239,0.377527
3677,0.377393
3749,0.377388
6748,0.377383
4390,0.377299
8791,0.37728
7218,0.377221
10389,0.377189
9679,0.377179
3252,0.377153
12710,0.37703
11096,0.377021
8099,0.377009
7396,0.37695
14630,0.376934
14289,0.376915
5624,0.3769
13687,0.376786
5716,0.376649
14557,0.376622
12022,0.376513
12193,0.376268
2930,0.376235
10272,0.37618
11901,0.376127
14715,0.376114
5475,0.376085
7240,0.376077
6647,0.376049
14597,0.375969
5806,0.375962
8580,0.375941
14906,0.375919
4928,0.37589
8827,0.375875
15721,0.375865
5406,0.375848
9081,0.375845
3254,0.375825
7993,0.375816
2364,0.375774
10295,0.375764
6242,0.375724
14950,0.375724
7379,0.375658
6202,0.375657
14507,0.375597
7607,0.37553
13053,0.375474
11749,0.375442
4994,0.375384
12936,0.375355
11052,0.375226
15514,0.375204
12398,0.375202
15399,0.375181
13610,0.375135
5533,0.37513
9921,0.37511
7972,0.375047
10385,0.374972
7807,0.374954
13362,0.374954
13494,0.374839
13050,0.37471
3587,0.374699
11395,0.37466
5527,0.37465
12819,0.37464
10188,0.374636
9338,0.374485
5488,0.374434
9340,0.374397
9859,0.374388
10097,0.374278
6385,0.374277
6001,0.374251
6637,0.374107
10282,0.374093
7709,0.374083
7321,0.373924
3055,0.373919
10219,0.373859
3956,0.373849
11059,0.373845
14581,0.373739
2275,0.373722
10994,0.37371
14947,0.373626
5694,0.373596
6495,0.373562
8919,0.373553
3548,0.373552
14115,0.373543
7984,0.373495
8363,0.373465
14747,0.373463
4367,0.373379
14719,0.373363
15274,0.373321
8867,0.373296
10009,0.373281
7966,0.373168
3669,0.373158
4366,0.373029
3240,0.372946
9654,0.372915
8091,0.372823
10216,0.372809
13894,0.372787
4945,0.372772
6269,0.372765
9462,0.372744
10825,0.372731
9665,0.372679
15181,0.372661
10071,0.372515
10721,0.372458
5736,0.372397
8472,0.372315
9558,0.372315
10148,0.372265
11183,0.372254
12378,0.37225
2413,0.372216
7405,0.371974
9798,0.371703
5973,0.371678
11301,0.371609
4560,0.371602
6659,0.371524
5052,0.371492
14598,0.371411
4771,0.371274
4643,0.371264
12118,0.371205
12513,0.371167
3319,0.371113
14152,0.371105
12439,0.371018
15003,0.370968
3271,0.370952
3696,0.37095
5440,0.370934
9521,0.370913
4956,0.370899
10183,0.370885
3865,0.370844
15114,0.370784
14056,0.370765
2394,0.370742
11201,0.370724
9812,0.370672
13675,0.370648
9710,0.370633
14412,0.370623
6210,0.37062
4119,0.370606
6074,0.370587
14120,0.370585
15195,0.370562
7257,0.370499
3542,0.370492
4308,0.370409
14187,0.370405
13081,0.370399
7623,0.370377
10381,0.370327
4135,0.370322
5706,0.370299
8457,0.370277
9200,0.370222
14844,0.370144
14884,0.370131
11967,0.36984
11564,0.369825
6383,0.369755
4107,0.369673
8354,0.369565
14480,0.369557
3246,0.369543
6751,0.369534
6918,0.369502
11612,0.369502
4614,0.369496
3340,0.369421
15155,0.3694
14671,0.369351
3964,0.369341
11221,0.369301
11292,0.369285
12121,0.369215
14527,0.369196
6016,0.36919
8287,0.369121
6793,0.369111
15273,0.369069
2359,0.369064
8597,0.369015
10460,0.368999
8507,0.36897
9343,0.368963
3527,0.368874
5585,0.368752
10732,0.368676
12942,0.368626
12749,0.368623
11551,0.368585
6300,0.368362
12267,0.368276
11344,0.368259
10477,0.368251
3078,0.368227
10245,0.368192
12196,0.368192
2780,0.368146
5750,0.368125
10956,0.368101
12954,0.368086
14936,0.368074
12540,0.367976
3344,0.367892
8785,0.367851
10103,0.367831
3213,0.367808
7108,0.367688
14813,0.367579
4172,0.367461
8111,0.36739
3196,0.367381
6734,0.367337
11589,0.367304
5226,0.367296
11216,0.367281
6216,0.367253
9349,0.36724
12098,0.367232
10502,0.367036
4694,0.366858
13259,0.366776
6900,0.366771
8026,0.36673
15015,0.36671
11034,0.366702
3638,0.366687
10324,0.366674
3400,0.366624
9815,0.366583
2825,0.366473
9485,0.366437
14408,0.366412
2402,0.366365
10057,0.366319
6290,0.366236
14496,0.366141
8350,0.366021
7499,0.365771
11530,0.365764
12548,0.365764
15366,0.36572
13016,0.365712
8977,0.365682
2888,0.365648
5491,0.365631
7819,0.365566
4612,0.365522
15417,0.365506
10302,0.365461
3709,0.365413
14663,0.365409
6520,0.365376
7860,0.365253
4126,0.365099
10255,0.365049
7472,0.365032
7933,0.365014
12327,0.364985
10462,0.364979
2481,0.364964
3291,0.364941
3438,0.36488
13557,0.364848
14227,0.364847
2344,0.364834
2975,0.364803
12430,0.3648
2278,0.364777
10050,0.364768
14396,0.364749
7879,0.364725
8110,0.364714
15687,0.364693
3306,0.364617
14217,0.364588
7629,0.364494
7554,0.364288
2964,0.364286
15749,0.364281
2601,0.364111
3157,0.36411
12807,0.364054
3887,0.363946
3437,0.363853
10670,0.363846
11971,0.363834
11915,0.363816
6836,0.363803
6889,0.363778
4960,0.363686
12694,0.363684
9585,0.363657
5342,0.363596
15446,0.36358
15324,0.363579
5620,0.363557
10624,0.363555
14093,0.363544
13565,0.363524
7844,0.363455
4919,0.36343
11772,0.363379
4327,0.363333
4867,0.363316
14679,0.363306
15305,0.363263
11422,0.363262
2371,0.363259
2655,0.363247
7149,0.363206
10797,0.363177
15596,0.363059
8985,0.363042
3545,0.363034
6472,0.363026
9067,0.362926
11866,0.362854
9091,0.362757
6354,0.36275
7524,0.362746
7271,0.362719
8894,0.362553
8607,0.362503
11668,0.362472
12464,0.362465
14018,0.362465
5614,0.362437
9207,0.362427
3423,0.362411
8863,0.362317
2943,0.362303
13910,0.362205
3529,0.3622
12180,0.362184
14006,0.362162
2380,0.36204
2271,0.361987
13597,0.361893
12160,0.361817
5100,0.361706
12716,0.361658
13057,0.361639
4657,0.361621
3614,0.361531
11171,0.361494
15531,0.361491
8425,0.361459
5712,0.361429
9628,0.361269
13849,0.361254
7289,0.361243
5850,0.361233
10945,0.361226
15584,0.361195
9731,0.361177
4464,0.360884
10527,0.360862
5202,0.360838
7751,0.360652
11680,0.360624
13236,0.360621
11431,0.360611
5506,0.360603
12524,0.360589
8035,0.360535
11972,0.360437
4013,0.360407
5861,0.360385
8146,0.360349
9319,0.360327
13626,0.360246
5957,0.360213
13458,0.36019
6950,0.360176
6914,0.360016
5687,0.359993
5298,0.359948
12673,0.359895
4692,0.359887
14374,0.359776
11339,0.359771
5812,0.359673
11919,0.35966
5287,0.359609
11259,0.359607
14232,0.359591
13848,0.359515
10193,0.359423
10032,0.359412
15550,0.359397
8812,0.359331
14908,0.359328
12824,0.359313
10370,0.359287
6976,0.35928
5911,0.359261
7915,0.359228
7953,0.359228
14562,0.359212
9487,0.359186
2572,0.359168
3454,0.359122
11604,0.359044
14367,0.358991
15336,0.358987
12872,0.358969
4365,0.358826
15393,0.358807
13768,0.35874
3339,0.358731
2995,0.358728
11576,0.35865
14482,0.358625
6521,0.358614
12833,0.358603
2350,0.3586
10359,0.358596
11591,0.358551
7583,0.358545
14502,0.358394
13009,0.358332
6197,0.358327
2945,0.35827
15242,0.35824
11986,0.358231
15346,0.358061
7506,0.357866
8594,0.35786
3945,0.357765
11677,0.357759
13437,0.357695
5504,0.357665
12358,0.357648
13017,0.357609
11263,0.357584
4989,0.357528
10864,0.357515
14310,0.35747
2634,0.357447
9269,0.357351
9023,0.357314
15194,0.357312
8724,0.357309
2482,0.357279
14836,0.357278
9335,0.357252
3405,0.357218
10902,0.357203
6245,0.357193
4272,0.357159
3034,0.357157
2534,0.357135
13192,0.357063
10180,0.357019
6955,0.357001
4247,0.356991
14492,0.356976
7239,0.35682
14970,0.356807
9750,0.356721
14753,0.356717
13315,0.356656
8118,0.356647
5367,0.356599
10878,0.356588
11062,0.356477
10692,0.356345
4056,0.35634
3422,0.356337
10773,0.356289
9803,0.356261
6152,0.356209
6214,0.356201
3107,0.356115
11149,0.356093
7941,0.35602
4609,0.356006
8000,0.355991
2873,0.35597
15166,0.35594
2440,0.355888
8686,0.355879
4594,0.355812
10175,0.355751
13350,0.355694
8976,0.355658
5879,0.355613
3090,0.355516
7731,0.355499
3977,0.355486
14486,0.355476
5174,0.355444
9274,0.355423
8908,0.355407
13334,0.35534
8196,0.355226
11238,0.355201
6089,0.355175
14223,0.355113
2723,0.355073
7541,0.355048
3871,0.354993
2493,0.35498
11993,0.354969
4118,0.354968
10354,0.354864
4972,0.354861
5566,0.354823
14522,0.354709
7853,0.354695
10055,0.35458
7774,0.354519
8419,0.354452
9864,0.354446
9492,0.354381
14774,0.354343
6088,0.354309
12380,0.3543
2920,0.354287
12876,0.354238
13204,0.35419
15582,0.354083
13061,0.354057
13311,0.354046
9952,0.353953
14594,0.353943
9339,0.353926
11057,0.353676
14650,0.353596
7196,0.353582
4630,0.353578
10762,0.353567
6861,0.353543
4409,0.353423
8312,0.353366
14724,0.353338
4405,0.353285
8758,0.353204
14544,0.353202
7826,0.353147
10283,0.353095
8276,0.353076
8769,0.353042
2569,0.352971
4534,0.352935
15344,0.352926
2404,0.352907
10964,0.352867
12830,0.352822
6935,0.352754
11709,0.352754
10771,0.352691
5954,0.352637
9012,0.352637
9428,0.352634
4806,0.35253
6105,0.352489
12888,0.352386
3861,0.352334
14085,0.352287
12520,0.352276
14064,0.352259
12769,0.352224
14942,0.352206
11343,0.352186
9169,0.352183
12802,0.352149
15298,0.352139
6787,0.352097
12442,0.351918
4372,0.351835
12539,0.351829
12290,0.351811
12424,0.35176
9350,0.351751
9493,0.351736
15384,0.351733
2479,0.351713
7527,0.351663
5619,0.35159
12911,0.35147
11946,0.351368
8750,0.351299
14489,0.351283
7264,0.351261
11444,0.351205
10917,0.351145
13022,0.351065
12031,0.351044
9515,0.351
15407,0.351
15330,0.35096
13026,0.350957
7782,0.350905
11471,0.3509
8601,0.35087
7432,0.350824
2497,0.350785
9829,0.350735
4938,0.350724
7902,0.35072
3580,0.350666
14332,0.350623
8187,0.350622
7460,0.350593
14541,0.350543
5568,0.350447
9644,0.350389
6217,0.350299
15100,0.350258
7540,0.350245
2287,0.350169
8513,0.350151
6882,0.350147
13572,0.350117
10536,0.350094
4397,0.350061
12149,0.350039
5661,0.349963
3446,0.349926
15675,0.349866
6704,0.349792
5464,0.349727
8012,0.349612
4428,0.349609
9752,0.349573
8053,0.349572
14049,0.349565
13290,0.349514
2441,0.349491
5738,0.349478
6927,0.349477
3168,0.34946
10091,0.349442
9385,0.349407
13216,0.349363
13916,0.349345
15504,0.349275
11483,0.349241
11795,0.349224
10679,0.349162
9405,0.349146
6398,0.349106
13547,0.349083
3566,0.349062
11251,0.349027
8946,0.348959
11462,0.348746
8401,0.34868
9692,0.34866
3439,0.348591
12279,0.34852
15638,0.34852
3533,0.348487
11768,0.348451
8052,0.348429
13488,0.348392
2690,0.348387
6353,0.348383
3041,0.348265
5261,0.348146
8697,0.348128
14820,0.347975
6078,0.34797
15599,0.347923
15440,0.347858
15002,0.347656
8567,0.34765
8136,0.347525
5237,0.347498
6640,0.347483
5008,0.347471
14977,0.347426
7444,0.347377
3911,0.347371
2596,0.347339
7486,0.347337
2499,0.347333
14199,0.347276
9097,0.347258
5511,0.347215
14461,0.347195
4212,0.34711
6981,0.347042
9157,0.347013
2365,0.347006
14925,0.346999
11739,0.346864
15453,0.346857
3636,0.346765
5786,0.346738
14231,0.346635
15329,0.34662
5476,0.346611
12205,0.346577
10421,0.346535
3050,0.346481
2618,0.346474
2782,0.346455
6756,0.346443
14105,0.346438
10310,0.346362
3269,0.346303
4739,0.346293
4631,0.346268
13500,0.346235
3046,0.346187
5952,0.346129
3867,0.346099
10535,0.346081
10697,0.346055
13757,0.346033
6051,0.345957
7557,0.345955
8222,0.345922
10379,0.345908
7791,0.345874
3503,0.3458
2835,0.345725
4873,0.34559
3555,0.345578
8286,0.345453
8396,0.345316
6932,0.345272
8535,0.345258
14981,0.345253
9424,0.345249
7482,0.345242
9155,0.345184
10056,0.345134
9579,0.345128
5377,0.345062
14448,0.345024
10817,0.345017
10922,0.344872
5618,0.344845
3516,0.344803
2673,0.344722
6288,0.344719
13215,0.344659
8517,0.34464
11606,0.34463
4529,0.344481
2557,0.344471
7810,0.344461
9972,0.344407
14443,0.344344
15632,0.344342
3970,0.34434
2665,0.344327
14435,0.344274
3345,0.34427
14524,0.344258
12572,0.344257
4252,0.344225
11632,0.344204
13711,0.344074
6463,0.344064
9512,0.343929
6546,0.343919
7137,0.343916
14425,0.343916
5941,0.34391
2623,0.343873
12679,0.343859
6033,0.343856
14327,0.343776
12925,0.343764
10068,0.343756
7323,0.343621
4426,0.343606
10858,0.343489
10311,0.34337
12362,0.343359
12885,0.343259
2752,0.343251
4581,0.343235
2559,0.3432
15484,0.343166
7043,0.343101
6528,0.343045
13759,0.342934
2474,0.342818
2548,0.342789
6777,0.342764
12553,0.342619
10774,0.3426
5283,0.342569
13078,0.342487
6759,0.342376
2543,0.342374
5647,0.342362
9175,0.342348
4435,0.342315
14869,0.342293
8351,0.342274
10415,0.342215
4171,0.342084
9539,0.341996
6462,0.341976
2547,0.341873
9989,0.341813
4814,0.341788
4485,0.341736
3816,0.341684
11701,0.341651
4855,0.341589
11567,0.341529
7266,0.341503
3222,0.341459
2790,0.341407
8920,0.341398
13175,0.341396
15560,0.34133
5572,0.341315
2626,0.341248
14351,0.341204
3928,0.341173
13288,0.341161
13855,0.341124
3987,0.341097
5056,0.341093
5553,0.341014
4745,0.340954
10821,0.340948
7612,0.340906
10664,0.340893
2937,0.340876
3843,0.340875
14141,0.34087
7723,0.340799
6761,0.340789
4565,0.340787
4703,0.340741
15424,0.340731
10611,0.340703
13802,0.340664
3210,0.340662
6238,0.340629
4339,0.340627
13642,0.340551
9239,0.340541
11948,0.34052
11595,0.340509
5955,0.340388
8301,0.340344
2386,0.340309
3074,0.340298
5348,0.340244
12143,0.340207
11440,0.340189
4901,0.340072
5538,0.340064
6636,0.339937
6270,0.339833
7330,0.339798
4473,0.339742
10877,0.339648
8914,0.339611
9681,0.339595
3211,0.339587
9532,0.339585
11836,0.339565
15737,0.33956
8022,0.33951
8546,0.339505
5471,0.339482
14761,0.339381
13537,0.339357
7923,0.339279
4852,0.339255
14257,0.339233
4854,0.339155
6850,0.339124
3314,0.33912
12722,0.339036
15096,0.33902
9915,0.339003
8120,0.338971
2900,0.338957
9209,0.338929
6744,0.338889
3999,0.338851
12048,0.338839
13641,0.338837
5152,0.338819
4884,0.338789
3957,0.338781
6381,0.338712
5153,0.338707
6970,0.338703
12228,0.338677
3952,0.338641
15648,0.338636
8105,0.338617
15286,0.338591
12964,0.338583
9048,0.338515
9124,0.338491
15212,0.338454
3704,0.338434
6402,0.338333
7614,0.338208
14754,0.338072
6664,0.338004
11796,0.337987
3558,0.337955
12136,0.33795
9498,0.337866
5699,0.337808
5654,0.337795
4823,0.337756
7992,0.337726
12723,0.33767
12518,0.337659
7894,0.337628
5923,0.337582
5984,0.33753
11640,0.337518
14103,0.337506
2341,0.337454
15335,0.33743
9062,0.337386
10154,0.337344
9690,0.337322
14302,0.337302
7981,0.337275
9508,0.337256
9392,0.33725
10297,0.337125
11702,0.336961
15753,0.336961
14106,0.33693
13857,0.336929
6296,0.336897
11953,0.336882
11720,0.33687
8852,0.336869
3662,0.336852
7453,0.33685
4192,0.336783
11200,0.336769
11222,0.336699
11373,0.336668
12258,0.336668
2637,0.33662
12843,0.336605
15138,0.336581
9000,0.336549
2932,0.336397
10530,0.33637
8821,0.336282
5820,0.336246
8348,0.336246
10497,0.336204
14039,0.336092
9928,0.336069
4024,0.336005
10978,0.335988
12366,0.335964
7212,0.335944
8037,0.335856
15098,0.335804
2328,0.335794
11131,0.335776
15465,0.335775
7084,0.335748
6879,0.335598
8564,0.335596
4403,0.335574
3705,0.335501
4935,0.335477
15058,0.335427
8358,0.335344
14406,0.335292
11541,0.335289
4732,0.335237
7293,0.335194
4636,0.335071
14662,0.335024
4582,0.334969
3253,0.334946
9651,0.334914
7859,0.33475
12957,0.334738
6042,0.334724
12438,0.334691
7274,0.334629
2326,0.334615
13900,0.334595
5468,0.334541
11322,0.334522
10564,0.334491
7421,0.334482
3385,0.334454
7461,0.334421
10934,0.334275
2339,0.334269
2669,0.334217
15771,0.334203
4499,0.3342
6166,0.334118
4429,0.334069
11855,0.334036
8332,0.334029
3049,0.333975
8295,0.333965
14015,0.333926
3473,0.333896
4973,0.333877
8055,0.333842
14722,0.333842
7869,0.333767
3016,0.333735
8235,0.333661
14948,0.333651
11540,0.333634
5239,0.333538
15472,0.333537
8075,0.333402
9080,0.333379
3390,0.333372
8200,0.333206
14954,0.3332
12453,0.333192
13208,0.33319
13080,0.333185
5926,0.333071
3807,0.333051
10591,0.333014
6622,0.332976
9181,0.332903
11245,0.332873
12416,0.332766
2865,0.332749
9042,0.332725
9658,0.332722
7848,0.33267
8048,0.332635
3179,0.332568
7014,0.332559
2717,0.332332
5294,0.332277
3564,0.332271
14835,0.332266
10677,0.332257
3560,0.332217
13575,0.33215
3927,0.332134
10248,0.332109
7812,0.332058
2662,0.332051
10402,0.332048
3817,0.331978
3286,0.331959
10907,0.331948
14019,0.331916
3467,0.331859
11664,0.331825
11790,0.331817
5437,0.331812
3768,0.331724
6577,0.33169
15006,0.331666
15678,0.331629
7403,0.331596
5101,0.331582
9089,0.331514
12781,0.331437
11328,0.331361
4600,0.331349
5176,0.331303
7778,0.331269
10235,0.331234
4871,0.331173
5541,0.331153
2906,0.331118
15616,0.33111
13804,0.331107
7049,0.331101
5098,0.331039
12215,0.331028
5123,0.330952
5893,0.330949
14453,0.330945
8496,0.33082
12285,0.330811
8669,0.330798
11482,0.330796
3091,0.330727
2622,0.330718
11262,0.330703
11865,0.330616
11202,0.330583
9099,0.330578
13197,0.330563
9823,0.330521
5804,0.330495
10674,0.330448
12466,0.330385
4940,0.330246
2889,0.330172
7544,0.330135
9586,0.33012
14262,0.330079
4419,0.329976
2849,0.329957
6465,0.32981
7161,0.329718
12111,0.329717
10962,0.329671
13385,0.329652
5717,0.329623
7467,0.329605
15066,0.329598
4538,0.329583
8599,0.32956
4294,0.329513
8654,0.329501
12397,0.329434
14478,0.329402
14002,0.329387
11168,0.329384
3453,0.329316
4363,0.329259
12377,0.32925
2382,0.329188
6158,0.329144
9303,0.329106
5285,0.329102
6901,0.32908
12346,0.329042
8241,0.329037
4816,0.329025
11019,0.328853
15046,0.328812
11747,0.328765
7887,0.328752
11391,0.328723
14481,0.328706
12506,0.328693
11895,0.328524
5170,0.328513
12836,0.328436
7143,0.328381
13732,0.328258
2521,0.328191
14797,0.328169
8459,0.328074
14892,0.327907
4786,0.327884
15553,0.327859
15345,0.327838
13389,0.327769
2509,0.327732
11411,0.32773
14966,0.327674
13012,0.327666
3172,0.327569
7769,0.327439
13024,0.327405
10637,0.327397
10582,0.327325
10579,0.327245
8688,0.327238
8671,0.327172
11370,0.327126
8525,0.327077
2323,0.327069
10595,0.327065
6791,0.327056
14282,0.326977
4237,0.326938
2959,0.326726
12315,0.326726
9612,0.32663
3108,0.326615
8992,0.326608
15633,0.326581
11318,0.326556
3174,0.326521
13543,0.326521
6855,0.32652
6207,0.326515
3901,0.326471
8005,0.326438
4322,0.326409
4408,0.326378
8625,0.326324
13284,0.326324
9472,0.326304
12002,0.326299
14868,0.326291
9162,0.32629
13842,0.326251
14157,0.326218
6686,0.326193
13931,0.326182
14273,0.326044
3734,0.326013
13068,0.325985
12862,0.325873
8912,0.325806
10165,0.325802
8829,0.325797
14894,0.325782
7017,0.325745
3188,0.325732
12141,0.325694
4304,0.325568
12729,0.325552
5769,0.325523
4038,0.325504
11719,0.325463
11714,0.325449
9296,0.325388
14664,0.325354
5534,0.325264
14499,0.325262
14326,0.325231
10986,0.325222
9595,0.325212
11449,0.32521
9841,0.325175
2390,0.325161
11443,0.325131
6778,0.325096
3630,0.325044
3356,0.32504
9985,0.324981
4670,0.32498
3729,0.324925
3882,0.32489
6240,0.324783
13534,0.324676
10966,0.324667
14414,0.32464
12353,0.324619
6469,0.324613
12631,0.324546
9597,0.324416
9227,0.324279
4526,0.324274
15705,0.324258
8736,0.324237
7877,0.324229
14108,0.324221
9147,0.32422
10213,0.32422
13444,0.32412
9876,0.324111
10438,0.32407
2253,0.324055
9794,0.324044
8450,0.324009
12912,0.323934
14636,0.323821
3025,0.323813
3672,0.323773
13573,0.323741
8141,0.323737
11302,0.323731
10349,0.323631
15639,0.323547
14607,0.323494
13945,0.323373
5630,0.323372
10137,0.323346
9918,0.323212
8745,0.323132
8087,0.323106
12914,0.323084
15438,0.322994
4999,0.322938
14417,0.322828
3986,0.322815
2554,0.322809
9542,0.322769
13167,0.322682
2578,0.322616
12399,0.322615
15030,0.322591
5438,0.322509
5556,0.322493
7022,0.322485
5070,0.322386
10470,0.322384
2608,0.322328
7531,0.322272
8636,0.322187
10666,0.322175
11527,0.322147
8544,0.322146
5485,0.322032
15095,0.322004
13883,0.321984
13487,0.321972
13674,0.321966
10439,0.321896
10197,0.321879
11159,0.32175
15064,0.321741
9785,0.321738
15012,0.321632
9656,0.321581
3219,0.32158
6615,0.321467
12273,0.32143
10545,0.321373
13182,0.321355
14197,0.321329
4910,0.321273
12913,0.321272
10034,0.321227
4900,0.321135
6075,0.321113
3382,0.321064
5797,0.321013
11337,0.320974
5272,0.320951
14119,0.320925
12953,0.320901
9755,0.320846
13278,0.320844
8728,0.320761
10026,0.320729
4639,0.320644
6591,0.320635
15681,0.320632
9523,0.320606
9931,0.320586
8335,0.320547
10266,0.320521
4613,0.320485
12950,0.320421
3863,0.320333
4241,0.320322
13587,0.320277
8044,0.320253
10600,0.320208
14759,0.320189
15306,0.320086
7039,0.320058
9724,0.319994
9743,0.319981
6991,0.319946
10909,0.319927
9216,0.319865
2899,0.319808
10769,0.319785
13221,0.319784
12343,0.319667
9469,0.319612
3659,0.319605
5513,0.319519
6115,0.319403
11003,0.319317
7150,0.319214
12545,0.319163
11361,0.319161
9172,0.319136
2911,0.319044
3698,0.319035
12611,0.318981
8890,0.318964
7029,0.318922
13779,0.31892
9279,0.318915
14723,0.318893
12515,0.318855
6706,0.318853
11331,0.318806
7712,0.318796
10546,0.318791
8815,0.318777
2330,0.318765
5401,0.318733
7542,0.318702
11740,0.318702
9455,0.318681
8186,0.318646
6679,0.318599
5371,0.318583
12788,0.318518
12039,0.318494
5434,0.318454
12711,0.318451
12828,0.31836
4889,0.318352
11777,0.318195
8259,0.318134
14786,0.318113
3575,0.318017
9949,0.317967
2946,0.317832
2997,0.317758
3434,0.317703
8734,0.317689
9896,0.317661
5478,0.317636
15230,0.317525
8151,0.317519
4042,0.317514
15113,0.3175
15422,0.317482
4225,0.317414
13302,0.317361
2536,0.31731
8192,0.317247
13058,0.317172
5929,0.317139
9305,0.317128
15708,0.317104
4642,0.317061
8159,0.317028
11508,0.317023
15204,0.317023
15558,0.316953
6364,0.316929
5201,0.316926
12170,0.316915
4053,0.316891
7168,0.316884
12921,0.31683
14656,0.316717
15400,0.31668
2331,0.316612
5962,0.316586
10312,0.316526
13455,0.316518
7167,0.316411
3448,0.316372
4573,0.316366
9082,0.316362
5853,0.316283
7334,0.316273
4628,0.316075
13748,0.31606
12191,0.31603
6093,0.315997
5914,0.315957
2556,0.315951
15134,0.315948
13816,0.31593
3493,0.315871
5424,0.315856
12839,0.315775
6619,0.315701
12893,0.315696
12663,0.315605
8239,0.315523
12037,0.315506
9425,0.315474
8183,0.315348
15637,0.315335
13853,0.315308
6004,0.315255
6535,0.31524
5007,0.315229
13140,0.315181
10802,0.315147
11067,0.315127
2925,0.315124
11401,0.31502
11048,0.315014
13720,0.314892
6980,0.314849
12701,0.314819
6406,0.31481
5055,0.314776
6763,0.314707
10829,0.314682
15010,0.314672
11900,0.314646
13453,0.314625
10429,0.31461
8097,0.314566
4134,0.314557
7015,0.314489
15245,0.314483
4219,0.314458
10686,0.31437
8824,0.314367
7448,0.314309
15196,0.314235
14775,0.314167
7238,0.314099
13100,0.313984
10525,0.313951
4255,0.313932
11559,0.313888
14078,0.313862
15063,0.313834
11784,0.313808
5265,0.313798
8216,0.313778
3658,0.313686
13085,0.31355
6837,0.313543
7176,0.313478
13838,0.313446
12015,0.313436
5921,0.313364
9884,0.313361
11179,0.313322
9926,0.313294
15008,0.313174
4626,0.313066
11158,0.313057
4763,0.313041
14291,0.312987
6278,0.312942
10457,0.312855
9054,0.312846
7140,0.312777
13615,0.312701
13096,0.312676
15483,0.312662
2450,0.312628
14665,0.312615
3487,0.312614
9795,0.312384
8021,0.312372
14552,0.312369
8336,0.312324
12604,0.312319
9391,0.312218
15459,0.312207
5918,0.312175
8441,0.312127
9284,0.312099
11023,0.312081
3601,0.312043
14230,0.312027
12523,0.311934
5809,0.311929
15747,0.311911
8253,0.3119
6511,0.311873
4146,0.311868
7562,0.311812
12864,0.311632
7679,0.311629
6122,0.311618
2351,0.311523
8446,0.311459
3900,0.311436
15027,0.31143
12703,0.311189
7066,0.311149
11636,0.311077
8308,0.311034
7463,0.311008
7442,0.310998
10079,0.310967
14228,0.310893
4819,0.310783
12029,0.31078
11011,0.310515
13111,0.31045
6151,0.310389
11905,0.310373
7968,0.310313
4325,0.310213
3591,0.310195
14870,0.310117
15358,0.310004
14007,0.309996
14590,0.309972
2781,0.309947
14637,0.309925
14280,0.309914
14611,0.309884
4543,0.309878
4080,0.309865
15466,0.309775
3828,0.309752
3100,0.309748
3644,0.309722
11426,0.309702
6494,0.309696
8521,0.309649
6928,0.309623
10830,0.309602
11834,0.309452
12488,0.309369
6839,0.309341
10261,0.309257
10709,0.309143
6610,0.309046
9605,0.309045
10702,0.309039
7858,0.309021
13121,0.309014
5045,0.30898
15268,0.308961
3946,0.30895
10785,0.308936
11822,0.308861
15524,0.308841
9543,0.308756
6338,0.308728
9629,0.308682
13695,0.308527
10437,0.308514
6012,0.308483
7258,0.308478
10307,0.308404
7474,0.30839
7025,0.308347
12146,0.30824
3702,0.308224
14937,0.30819
2693,0.308159
14667,0.308146
10139,0.308024
6134,0.307987
10681,0.307979
11041,0.307927
15698,0.307823
15444,0.307791
7551,0.307772
2488,0.30776
5465,0.307711
8378,0.307545
13076,0.307506
15634,0.307473
5829,0.307466
4605,0.307429
4947,0.307385
10335,0.307382
4943,0.307309
12530,0.307301
9324,0.307221
12344,0.307215
6292,0.307202
2606,0.30718
11804,0.307098
4127,0.306974
4402,0.306853
14402,0.306814
4447,0.306798
10211,0.306783
3712,0.306751
2268,0.306627
11782,0.306624
8137,0.306602
5824,0.306517
5166,0.306511
9913,0.306484
7139,0.306441
9413,0.306402
13957,0.306362
11178,0.306322
4474,0.3063
13953,0.306272
5796,0.306269
4207,0.306259
9960,0.306202
9920,0.306186
11738,0.306116
10617,0.306043
10168,0.30601
14272,0.306007
5035,0.305981
10586,0.30589
11750,0.305825
11852,0.305739
10316,0.305731
3003,0.305686
15709,0.305628
11225,0.305523
2711,0.305441
14151,0.305399
5364,0.305393
15112,0.305343
7055,0.305319
11869,0.305306
15554,0.305181
8333,0.305176
13868,0.305173
15044,0.305133
7758,0.304881
6484,0.304751
6897,0.304672
15074,0.30467
14988,0.30466
9809,0.30459
6662,0.304589
11832,0.304578
7172,0.304542
10135,0.304537
4044,0.304511
4155,0.304466
14935,0.30426
9315,0.304184
4762,0.304143
8566,0.304126
8393,0.304122
14726,0.30409
14155,0.304057
11805,0.304054
12994,0.304045
5576,0.304033
2438,0.304024
11504,0.303988
8042,0.303958
9826,0.303875
9126,0.30365
3426,0.303623
12629,0.303564
12093,0.303553
6260,0.303496
12963,0.303438
11346,0.30341
9250,0.303374
6206,0.303292
14680,0.303262
3739,0.303225
7355,0.303162
14893,0.303124
10411,0.303066
8492,0.303
6018,0.302948
3544,0.302867
11933,0.302845
7555,0.302623
9880,0.302623
6525,0.302605
15779,0.302546
2514,0.302531
13889,0.302527
12169,0.302487
12237,0.302434
8931,0.302389
9611,0.302381
8149,0.302363
8015,0.302206
13766,0.302109
9143,0.302037
14932,0.302001
13518,0.301912
14092,0.301882
4147,0.301824
14903,0.301817
10003,0.301753
5930,0.301663
7468,0.301398
11311,0.301339
7477,0.301304
4410,0.301303
5612,0.301271
4778,0.30127
3965,0.301239
3147,0.301154
8963,0.301144
5415,0.301134
11657,0.301041
13166,0.301038
6817,0.300942
11942,0.300883
15559,0.30087
14009,0.300838
13070,0.300816
8798,0.300726
3125,0.300686
8664,0.300571
3478,0.300551
11349,0.300527
5877,0.300509
13023,0.300509
10059,0.300475
14188,0.300445
12388,0.300416
11293,0.300413
3969,0.300412
9029,0.300278
8103,0.300241
2289,0.300219
7078,0.300192
3238,0.300164
12917,0.300134
7069,0.300131
10108,0.30011
2391,0.300088
8233,0.300084
2675,0.300069
8678,0.300042
11816,0.300027
7682,0.300018
8142,0.299907
8748,0.299837
11646,0.299807
13976,0.299792
7388,0.29965
11490,0.299636
12916,0.299562
7698,0.29951
2922,0.299509
12985,0.299454
4516,0.299429
9560,0.299425
14897,0.299396
15259,0.299251
7004,0.299238
12852,0.299237
3951,0.29919
15168,0.299127
12010,0.299126
7111,0.299004
10539,0.298971
10976,0.298961
9298,0.29894
4145,0.298885
10924,0.298776
4340,0.298694
3612,0.298546
7558,0.298425
4391,0.298396
15541,0.298335
4205,0.298282
9793,0.298249
8905,0.298223
5863,0.298183
8667,0.298083
6554,0.298013
9460,0.297977
5219,0.297846
5449,0.297833
9234,0.297803
10037,0.297778
13359,0.297724
3836,0.297604
10995,0.297466
8382,0.297413
14205,0.297365
9890,0.297229
14755,0.297197
10129,0.297188
4509,0.2971
6162,0.297071
5770,0.297066
9445,0.297003
7574,0.296978
4393,0.296756
15065,0.296737
6315,0.296665
9741,0.296466
3087,0.296431
9849,0.296427
7389,0.296346
2616,0.296345
15420,0.296194
13230,0.296124
8888,0.296107
13562,0.296068
7857,0.296008
7976,0.295965
8223,0.295961
4944,0.295954
6764,0.295931
13229,0.295931
4793,0.295822
14768,0.295813
11734,0.295753
3858,0.295683
11618,0.295669
14479,0.295656
13450,0.295536
14732,0.295534
5005,0.295485
5840,0.295481
8759,0.295453
3129,0.295387
13907,0.29532
3806,0.295246
13697,0.295197
14344,0.29496
4359,0.294935
11384,0.294918
14504,0.294809
13923,0.294808
10948,0.294782
12274,0.294778
13887,0.294687
5953,0.294683
3113,0.294613
12715,0.294564
7936,0.294514
2309,0.294507
10341,0.294476
12432,0.294436
13819,0.294436
3618,0.294422
10717,0.294416
12744,0.294353
11167,0.29424
7927,0.294214
11487,0.294211
6228,0.294114
3201,0.294111
4300,0.294015
3377,0.293979
7760,0.293924
10952,0.293881
7085,0.29384
4571,0.293813
7845,0.293785
2868,0.293763
10412,0.293677
14560,0.293638
4077,0.293619
3551,0.293506
13146,0.293435
6023,0.293415
14319,0.293352
14744,0.2933
14248,0.293282
10007,0.293281
9473,0.293279
15142,0.293248
10988,0.293234
3116,0.293155
9135,0.293142
9877,0.293107
9870,0.293034
13904,0.293021
11002,0.292972
12481,0.292949
8433,0.292913
3590,0.292722
10159,0.292676
10841,0.292618
10466,0.29253
11193,0.292487
5714,0.292172
7662,0.292152
6971,0.292108
12622,0.292101
9615,0.292078
8612,0.29207
8559,0.292065
9941,0.292013
8413,0.291943
10500,0.291887
14475,0.291804
14284,0.291581
12586,0.291573
5129,0.291481
4755,0.291453
5991,0.291256
13750,0.291254
8895,0.291207
6502,0.291143
2699,0.29112
3471,0.291101
8488,0.291074
7637,0.291022
8810,0.291002
14938,0.290925
8064,0.290898
14614,0.290898
10276,0.290896
2465,0.290874
14840,0.290868
8338,0.290635
5937,0.290623
3038,0.290586
7294,0.290574
3983,0.290474
12485,0.290454
3197,0.290395
15754,0.290278
6753,0.290252
5580,0.290228
5165,0.290119
14708,0.290107
11610,0.290055
8809,0.289998
15249,0.289998
2538,0.289956
15414,0.289827
6344,0.289791
11671,0.289707
5380,0.289706
2434,0.289674
12294,0.289668
7336,0.289642
11409,0.28963
7156,0.289624
13859,0.289586
5001,0.289568
3811,0.289548
15697,0.289498
11188,0.289481
15432,0.289435
4162,0.289361
14240,0.289314
5185,0.289246
6985,0.289174
12609,0.289129
4274,0.289122
6129,0.289118
11981,0.289094
11838,0.289052
10084,0.289027
6620,0.288944
6964,0.288863
14068,0.288675
5793,0.288673
10378,0.28867
14876,0.288592
7213,0.288589
11289,0.288546
3278,0.288532
11647,0.288491
13287,0.288464
2327,0.288407
7146,0.288391
7892,0.288371
9242,0.288364
11558,0.288361
6007,0.28835
2719,0.288313
11169,0.288277
11484,0.288261
5477,0.28826
8557,0.288166
4111,0.288072
7197,0.288043
8400,0.288034
2996,0.287982
5216,0.28787
14447,0.287859
7023,0.287855
9001,0.287776
11753,0.287711
8885,0.287629
10631,0.287615
4877,0.287553
12202,0.287545
4912,0.287526
6309,0.287522
6194,0.28752
5785,0.287428
11799,0.287398
10092,0.287386
3874,0.287381
6518,0.287348
4522,0.287335
7918,0.287297
7733,0.287225
7644,0.287166
12292,0.287096
14619,0.287049
2631,0.28693
7773,0.2869
4136,0.286847
13186,0.286829
5096,0.286797
6788,0.286797
6743,0.286782
6639,0.286717
7083,0.286707
12944,0.286697
14260,0.286632
11111,0.286417
4712,0.286329
9925,0.28629
5757,0.286183
8522,0.286139
10562,0.286072
10839,0.285891
3713,0.285862
14252,0.285857
10758,0.285731
5489,0.285698
14686,0.285653
13892,0.285577
13987,0.285552
14162,0.285514
15283,0.285425
4862,0.28542
6909,0.285382
7749,0.285259
3186,0.285171
11844,0.285138
14530,0.285111
13443,0.285024
4673,0.285003
14318,0.285003
14766,0.284987
13846,0.28495
12282,0.284914
6282,0.28489
14896,0.284845
8934,0.284816
4515,0.284787
11841,0.284565
11266,0.284535
15303,0.28453
11652,0.284451
12151,0.284418
7431,0.284375
7298,0.284287
15625,0.284152
8536,0.284082
13394,0.284003
3642,0.283949
6707,0.283791
6716,0.28378
3354,0.283765
4049,0.283702
15022,0.283643
5094,0.283612
5942,0.283591
8163,0.283579
7730,0.283553
12509,0.28353
11372,0.283518
3178,0.283434
2266,0.283423
4859,0.283348
14036,0.283344
13103,0.283274
4535,0.283273
14849,0.283271
8708,0.283163
14898,0.28315
8158,0.283073
8226,0.282904
4785,0.282858
2966,0.282779
14995,0.28277
3731,0.282675
5961,0.282622
14574,0.282594
12372,0.28257
15772,0.282504
14183,0.282458
9457,0.282418
14373,0.282369
7263,0.28234
6458,0.282332
4946,0.282289
3773,0.282187
3745,0.282176
11477,0.282162
11518,0.282108
7281,0.282099
11089,0.281974
3317,0.28197
14366,0.281943
3096,0.281905
9979,0.281852
12685,0.28173
7589,0.28154
8605,0.281397
10731,0.281332
14190,0.281309
15564,0.281307
12536,0.281306
12468,0.281178
13512,0.281169
13508,0.281148
7526,0.281147
3002,0.281144
14809,0.281097
9071,0.28106
9591,0.281023
13148,0.280974
12091,0.280842
15252,0.280836
6488,0.280822
13151,0.280689
6148,0.28065
9790,0.28059
5262,0.280586
8860,0.280558
7308,0.280517
8542,0.280508
10876,0.280488
4530,0.280359
5173,0.28034
2607,0.280322
13168,0.280315
5873,0.280274
10432,0.280269
15090,0.28024
12097,0.280195
12065,0.280115
14034,0.280094
5359,0.280085
2448,0.280062
6180,0.279987
5114,0.279985
14340,0.279968
7670,0.279872
3776,0.279839
11503,0.279798
13662,0.279747
14847,0.279631
10262,0.279602
9753,0.279578
8509,0.279461
10511,0.279455
10538,0.279408
14072,0.279403
14052,0.279363
8584,0.279327
12549,0.27928
5381,0.279268
7052,0.279246
6373,0.279044
8153,0.278995
8799,0.27894
7674,0.278923
4552,0.27892
3184,0.278844
12383,0.278764
12583,0.278745
3615,0.27872
12499,0.278713
10918,0.278657
2619,0.278618
6250,0.278595
15430,0.278587
11704,0.278565
7585,0.278538
9987,0.278465
6101,0.278269
10667,0.278258
6183,0.278221
13225,0.27816
6318,0.278078
7803,0.278034
12412,0.278024
2812,0.278019
9010,0.277866
9541,0.277825
15267,0.277797
6732,0.277794
10214,0.27771
11383,0.277635
6211,0.277633
14551,0.277537
5204,0.277527
4254,0.277503
7091,0.277383
7429,0.277322
3004,0.277278
8754,0.277165
9582,0.277058
14053,0.277026
10993,0.276963
9156,0.276948
6420,0.276727
3859,0.27671
13977,0.276517
6625,0.276514
7722,0.276477
15555,0.276404
13980,0.276276
2551,0.276273
5277,0.276131
14838,0.276052
9314,0.275981
6542,0.275893
3215,0.275865
11499,0.275845
2446,0.275817
6096,0.27579
13506,0.275661
6924,0.275581
5429,0.275576
3077,0.275568
11156,0.275521
5904,0.275504
9387,0.275458
3833,0.275351
4888,0.275242
13419,0.275234
2928,0.275218
12127,0.275203
10205,0.275165
4033,0.275147
9758,0.275133
7125,0.27512
5092,0.275071
2508,0.275067
7594,0.27506
15285,0.275034
12639,0.274934
13825,0.274823
12174,0.274788
10505,0.274784
12674,0.274781
14427,0.274675
4915,0.274654
8010,0.274504
5980,0.274439
9289,0.274425
13542,0.274391
4236,0.274387
15463,0.274387
4153,0.27425
9889,0.274198
7047,0.274086
9021,0.274058
13888,0.274019
13054,0.273935
11712,0.273637
10813,0.27356
2885,0.273534
7005,0.273499
7907,0.273479
9243,0.27325
15604,0.27323
5209,0.273132
8600,0.27313
8849,0.27303
5494,0.272958
9760,0.272882
4718,0.272852
5843,0.272845
11977,0.272764
7546,0.272668
13998,0.272655
4505,0.272646
12571,0.272605
15437,0.272578
2283,0.272547
12090,0.272418
3036,0.27236
3029,0.272294
6701,0.272272
4476,0.272175
8056,0.272129
10843,0.272034
15233,0.271991
3599,0.271981
5271,0.271806
10113,0.271798
8868,0.271784
13499,0.271775
5419,0.271767
10792,0.271621
12753,0.271607
14216,0.271567
7306,0.271521
6982,0.271515
10517,0.271458
12138,0.271449
3076,0.271425
15512,0.271345
2324,0.271212
4752,0.271137
4557,0.271078
5193,0.27106
7726,0.270984
8323,0.270978
13694,0.270966
13912,0.270873
10842,0.270864
4558,0.2708
5747,0.270699
15413,0.27064
6911,0.270546
13322,0.270496
13899,0.270474
4717,0.270431
3230,0.270422
13797,0.270421
14322,0.270359
9821,0.270288
2672,0.270257
3779,0.270152
13160,0.270149
14345,0.270105
6073,0.270082
7498,0.27004
3625,0.27002
10465,0.269986
15102,0.269986
8203,0.269965
15009,0.269959
10971,0.269956
5247,0.26967
9100,0.269613
5263,0.26961
9191,0.269581
7367,0.269481
10419,0.269479
14473,0.269467
8345,0.269308
8757,0.269228
5325,0.269168
6624,0.269155
10491,0.269108
7920,0.269104
14969,0.269079
5805,0.269015
10768,0.268963
11250,0.268864
4503,0.268795
14091,0.268726
3346,0.268673
10020,0.268463
15660,0.268461
13861,0.268426
14359,0.268349
15603,0.268343
14209,0.268309
10722,0.268279
12256,0.268103
3725,0.268059
4663,0.267917
2824,0.267885
7242,0.267877
8779,0.267874
8456,0.267864
5822,0.267854
2973,0.267773
10278,0.267733
6564,0.267712
6557,0.267689
8049,0.267685
15381,0.267627
9464,0.267626
10803,0.267545
15244,0.267458
10613,0.267382
12212,0.26737
15536,0.267352
5379,0.267254
7192,0.267245
2773,0.267228
13252,0.26712
12587,0.267099
5713,0.266985
8834,0.266855
13417,0.266812
2936,0.266533
12423,0.266526
5831,0.266514
10735,0.266439
2463,0.266424
15502,0.266415
3509,0.266411
8234,0.2663
7205,0.266243
3936,0.266191
13949,0.266179
15294,0.266146
13876,0.266125
13137,0.266089
10366,0.266065
15041,0.266059
9674,0.266045
5761,0.265996
10753,0.265892
15765,0.265806
12772,0.265624
11538,0.265556
8634,0.265444
2737,0.265437
3149,0.265429
11994,0.265331
4441,0.26528
7112,0.265196
12861,0.265134
12886,0.265134
8046,0.265128
2670,0.265021
15153,0.264989
12920,0.264988
2743,0.264932
9127,0.264916
13950,0.264877
9786,0.264869
8250,0.264829
3092,0.264744
15568,0.264719
11532,0.264693
8828,0.264677
6653,0.264619
9436,0.264606
14535,0.264516
11094,0.264489
6061,0.264385
3259,0.264376
11987,0.264329
10458,0.26428
10534,0.264155
3376,0.264145
13484,0.264116
11217,0.264008
4279,0.263989
12276,0.263942
7757,0.263936
6596,0.263887
5791,0.263816
4858,0.263814
7058,0.263793
7699,0.263789
7537,0.263761
9276,0.263725
6846,0.263655
7713,0.263623
9717,0.263593
2300,0.263588
7106,0.263539
5745,0.263502
7806,0.263447
2286,0.263429
2625,0.263404
9617,0.263375
3371,0.26325
7369,0.263212
15241,0.263179
9161,0.263166
14457,0.263064
12120,0.263022
12599,0.262907
7538,0.262893
8982,0.262881
5857,0.262645
4550,0.262564
13210,0.262561
6522,0.262519
7338,0.262501
12014,0.262478
5890,0.262457
14610,0.262435
15617,0.2624
10116,0.26235
5282,0.262304
3275,0.262229
12186,0.262167
7400,0.262144
8681,0.262098
14353,0.261999
5598,0.26186
5732,0.261805
9992,0.261725
12012,0.261664
13936,0.261612
6749,0.261563
3923,0.26148
3293,0.261413
7423,0.261304
14055,0.261218
8505,0.261185
9438,0.261178
6084,0.261098
9015,0.261055
8138,0.261024
2904,0.260836
2985,0.260832
6842,0.260781
7809,0.260766
8735,0.260752
6700,0.260664
5635,0.260638
8649,0.260524
11982,0.260509
11083,0.260484
13247,0.260463
10019,0.260449
3973,0.260439
15316,0.260354
11658,0.26033
5354,0.260271
3245,0.260264
5191,0.260191
9552,0.260135
12407,0.259884
7737,0.259871
5187,0.259725
15513,0.259707
12877,0.25963
10890,0.259538
13485,0.259516
6968,0.259513
8362,0.259272
7075,0.259264
12844,0.259173
6865,0.259152
13824,0.259078
3347,0.259075
12311,0.258937
9281,0.258831
4770,0.258818
11085,0.258633
2563,0.25862
5958,0.258607
14865,0.258542
13820,0.258475
14086,0.258428
4278,0.2584
11620,0.258379
6346,0.258291
3500,0.25823
10973,0.258224
12457,0.25817
12873,0.258166
4129,0.258155
8293,0.258141
13676,0.258135
9994,0.258019
15087,0.257935
11999,0.257903
7351,0.257886
13915,0.25765
5390,0.257636
4117,0.257514
12615,0.25747
8315,0.257429
9963,0.2572
14505,0.257112
8435,0.25709
2249,0.257041
6534,0.257005
3539,0.257003
3343,0.256991
8530,0.256844
12754,0.256825
10528,0.256588
12261,0.256465
10547,0.256418
5754,0.256394
4799,0.256186
11940,0.256179
15297,0.256149
15382,0.256091
8615,0.255867
8823,0.255844
5602,0.255576
10974,0.255308
15322,0.2553
12223,0.255253
10045,0.255238
4399,0.255168
12505,0.255066
5160,0.255044
3754,0.255017
4052,0.254896
15493,0.254825
5560,0.254799
6868,0.254781
8968,0.254779
2905,0.254772
10492,0.25468
4387,0.25467
9297,0.25465
5830,0.254624
10422,0.254597
6060,0.254595
8622,0.254572
6377,0.254566
10554,0.254544
12712,0.254458
7743,0.25444
3540,0.254388
6445,0.254269
6780,0.254141
13604,0.254127
3784,0.254119
13986,0.254074
11242,0.253926
13967,0.253855
6512,0.253771
14238,0.253669
4455,0.253604
2979,0.253427
9182,0.25342
14728,0.253308
5986,0.253134
12490,0.253093
5664,0.25301
8104,0.252956
6357,0.25292
3229,0.252916
3482,0.252891
9120,0.252886
3037,0.25288
10621,0.252843
11568,0.252819
14725,0.252707
8658,0.252652
10284,0.252536
10259,0.252469
5279,0.252352
10267,0.252338
13414,0.252169
15094,0.252151
3893,0.25215
3265,0.252126
12325,0.25212
10906,0.252029
14717,0.251967
3557,0.251744
3777,0.25161
8506,0.251456
13305,0.251375
5997,0.25135
14083,0.251008
13201,0.250999
14691,0.250949
2722,0.250941
9186,0.250785
13763,0.250776
9394,0.250732
11925,0.250727
3204,0.250712
8254,0.250676
9950,0.250644
5583,0.250523
14613,0.250473
14259,0.250457
7304,0.250414
5970,0.250373
15525,0.250354
7883,0.250243
7935,0.25022
15537,0.2501
15337,0.250087
7861,0.25001
4980,0.250007
6815,0.249984
15521,0.24985
8510,0.249844
15763,0.249751
7012,0.249724
8655,0.249692
6681,0.249608
9657,0.24958
4420,0.249552
5983,0.249467
3619,0.249357
4015,0.249335
13702,0.249324
14066,0.249315
10963,0.249301
10523,0.249298
9484,0.249248
3839,0.249245
13011,0.249193
9680,0.249073
12179,0.248936
4152,0.248909
12620,0.248842
7570,0.248755
6234,0.248744
4288,0.248695
4151,0.248684
8955,0.248588
10192,0.24855
4074,0.248502
6124,0.248446
14112,0.248372
3024,0.248365
4356,0.248361
5557,0.248277
5659,0.24826
10669,0.24823
2408,0.248216
12645,0.24812
5584,0.248091
10076,0.248059
14237,0.248051
8421,0.248039
4777,0.248015
14186,0.247913
9236,0.247875
13275,0.247821
12122,0.247794
9968,0.247785
6368,0.247552
5922,0.247548
8970,0.247535
15612,0.247508
15311,0.247494
12452,0.247451
15198,0.247442
9661,0.247339
14864,0.247028
14196,0.24694
5555,0.246856
14013,0.246827
3408,0.246742
8571,0.246687
14603,0.246656
11667,0.246536
4414,0.246512
7567,0.246503
10847,0.246502
2718,0.246488
8094,0.246486
7433,0.246468
7282,0.246466
9187,0.246364
13511,0.246196
13528,0.246132
8949,0.246115
14247,0.246106
10054,0.24596
13390,0.245934
15368,0.245911
2644,0.245892
4312,0.245841
11269,0.2458
7849,0.245798
11937,0.245749
7024,0.245745
4174,0.245724
8830,0.245572
6135,0.245553
15219,0.245467
6739,0.245446
14764,0.245161
3549,0.245088
14669,0.245018
14329,0.244762
7752,0.244705
9417,0.244684
12681,0.244656
10748,0.244584
13975,0.244477
14214,0.244467
2776,0.24446
12787,0.24443
13005,0.244376
10356,0.24432
12005,0.244313
14149,0.244195
4249,0.244125
3931,0.244061
13228,0.24383
9882,0.243818
11572,0.243812
13267,0.243786
12451,0.243708
13072,0.243611
15546,0.24359
6244,0.24356
9017,0.243527
3138,0.243287
12511,0.24321
12094,0.242882
12199,0.24272
8989,0.242644
15182,0.242449
13292,0.242345
3703,0.242314
3492,0.242272
15264,0.242108
10943,0.242069
12667,0.24201
3894,0.241997
3224,0.241958
4623,0.241943
4120,0.241883
13238,0.241859
15759,0.241859
14685,0.241806
15628,0.241729
9964,0.241706
6550,0.241368
12470,0.241337
12041,0.24126
7696,0.241203
2415,0.241189
2584,0.241186
13196,0.241162
10447,0.241112
11316,0.241096
5014,0.240977
13660,0.240948
4022,0.240892
6171,0.240793
15551,0.240685
13470,0.240673
10382,0.240582
4776,0.240572
14781,0.240314
14901,0.240294
3117,0.240242
6575,0.240229
8680,0.240166
6813,0.240142
4259,0.240137
10417,0.239986
14622,0.239961
11590,0.239956
10800,0.23991
15682,0.23988
13369,0.239836
7996,0.239806
6984,0.239797
12498,0.239792
7613,0.239748
9430,0.239726
14677,0.239701
13683,0.23965
2859,0.239599
4235,0.239598
3373,0.2395
14133,0.239496
13043,0.239219
3052,0.239127
13698,0.23904
4103,0.238779
7152,0.238744
12330,0.238649
10472,0.238586
3449,0.238434
6479,0.238345
14328,0.238323
10889,0.238226
4902,0.238214
10158,0.238151
12291,0.238126
5608,0.238125
2392,0.238044
4518,0.237953
5956,0.237891
5546,0.237696
2250,0.237652
11880,0.237534
7667,0.237508
4659,0.237495
14850,0.237482
6178,0.237399
6885,0.237339
15651,0.237276
2530,0.237238
10380,0.237206
14920,0.237177
11072,0.23695
7135,0.236875
5497,0.236601
2731,0.236531
5767,0.236495
3525,0.236455
3922,0.236423
5068,0.236366
13398,0.236315
8720,0.236272
4470,0.236242
4977,0.23617
9111,0.236118
7831,0.236045
5692,0.235739
9546,0.235702
6254,0.235633
11501,0.2356
15147,0.235419
15561,0.235401
11396,0.235373
5264,0.235342
2929,0.235095
5547,0.234946
13988,0.234898
8284,0.234841
14916,0.234749
15751,0.234709
3678,0.234697
14641,0.234569
8139,0.234425
14140,0.234347
8384,0.234319
7165,0.234273
3431,0.234271
6319,0.234227
7269,0.234112
10849,0.234059
4644,0.234019
3736,0.233765
15179,0.233749
11315,0.233743
15217,0.233669
9271,0.233577
13042,0.233577
3103,0.233481
14130,0.233399
10191,0.233337
11051,0.233321
14549,0.233302
5444,0.233288
7739,0.233173
8448,0.233168
4100,0.233151
12373,0.233122
2809,0.233066
5164,0.233021
8753,0.232919
8478,0.232889
4246,0.232885
10027,0.232867
8524,0.232828
5586,0.232824
8592,0.23279
2590,0.232785
2876,0.232559
3304,0.232535
15777,0.232471
14054,0.232384
13039,0.232378
13513,0.232375
10752,0.232366
13373,0.232338
12847,0.232287
13082,0.232284
4362,0.232227
10759,0.232183
11412,0.232091
5493,0.23207
6608,0.231939
3031,0.231912
6551,0.231857
3122,0.231828
9771,0.231813
4169,0.23178
12909,0.231766
13595,0.231605
11515,0.231322
9342,0.231316
15122,0.2313
4747,0.231193
10309,0.231185
12547,0.231077
4603,0.23091
3131,0.230837
15748,0.230833
11594,0.23076
12730,0.230675
12239,0.230644
4975,0.230628
2969,0.230605
13067,0.230594
12421,0.230447
7425,0.230391
9867,0.230389
4952,0.230317
4917,0.230276
13241,0.23023
9930,0.230145
11635,0.230132
5064,0.230085
9722,0.230009
11737,0.230004
9893,0.230001
13546,0.229764
13927,0.229732
10134,0.229584
10588,0.229553
11951,0.229517
14433,0.229457
14825,0.229418
14456,0.229353
8218,0.229309
8266,0.229227
5346,0.229162
14745,0.229131
11312,0.229083
9608,0.229081
13734,0.22907
8831,0.229016
4818,0.228966
4683,0.228903
6208,0.228868
14943,0.228847
3143,0.228699
6266,0.228641
7352,0.228613
10124,0.228497
14846,0.228445
10452,0.228416
6689,0.228361
11300,0.228325
13303,0.22825
6391,0.228145
8251,0.228052
6249,0.228008
4101,0.227899
15083,0.227898
13095,0.227872
13503,0.227872
13771,0.227863
7548,0.227748
12437,0.227738
4984,0.227736
11807,0.227716
7561,0.227676
10920,0.227601
9251,0.227551
5545,0.227492
13155,0.227467
10663,0.227444
8980,0.227288
5399,0.227266
10919,0.227137
6726,0.22708
8561,0.22707
4578,0.227049
11334,0.226984
7553,0.226945
8386,0.226922
9009,0.226901
10479,0.22681
12840,0.226705
3974,0.226687
10281,0.226656
8746,0.226647
9364,0.226579
6678,0.226417
3380,0.226263
4432,0.226218
11118,0.226038
11133,0.226036
12006,0.225941
8164,0.225885
11108,0.225814
7160,0.225807
14638,0.225787
13869,0.225734
8679,0.225601
4430,0.225547
6181,0.225473
9109,0.225462
12991,0.225444
14286,0.225221
2374,0.225202
11071,0.225157
13040,0.224842
11414,0.22481
8271,0.224761
9398,0.224719
15744,0.224714
11466,0.224619
13122,0.224533
13691,0.224517
10827,0.224516
4604,0.224512
12068,0.224385
2841,0.224342
10983,0.224161
6667,0.224063
7233,0.224009
5685,0.223931
3752,0.223822
2676,0.223663
4691,0.223625
4736,0.223565
13473,0.223377
9956,0.223111
9548,0.223021
9802,0.222978
3924,0.22286
7000,0.222705
14193,0.222576
15189,0.22256
5358,0.22244
15119,0.222356
5507,0.222342
5558,0.222322
2377,0.222218
2787,0.222009
10194,0.221878
8553,0.221808
3429,0.22171
14572,0.221556
5009,0.221509
6583,0.221465
8143,0.221406
13584,0.221382
8663,0.221354
9197,0.221154
3634,0.221076
10425,0.220874
4385,0.220849
6832,0.220828
14419,0.220777
11252,0.220742
15137,0.220531
6258,0.220387
8520,0.22034
6005,0.220215
13147,0.220075
11650,0.219807
9520,0.219766
3849,0.219728
2847,0.219493
11153,0.21925
11681,0.218973
11177,0.218629
9184,0.218557
2848,0.218543
11570,0.218502
13257,0.218412
6742,0.218346
10673,0.218291
15107,0.218217
2656,0.218145
14576,0.218019
11975,0.217843
2393,0.217666
15722,0.217572
4484,0.217567
14780,0.217289
8884,0.217259
7501,0.217251
2921,0.217108
13264,0.217106
6541,0.217077
5103,0.217018
8465,0.217016
13635,0.216868
12314,0.216826
7357,0.216709
8862,0.216555
4887,0.216305
9580,0.216256
14917,0.216222
4847,0.216213
7459,0.216082
8370,0.21605
7231,0.216033
7633,0.21599
5965,0.215957
11735,0.215895
10612,0.215892
3369,0.215861
13384,0.21583
11104,0.215825
3123,0.215748
14299,0.215573
2267,0.215562
13914,0.215431
15215,0.215403
11812,0.215149
13430,0.215048
13218,0.214962
13051,0.214954
3714,0.214835
8477,0.214613
4716,0.214578
14626,0.214462
9180,0.214397
6571,0.214356
8844,0.214272
15375,0.214197
6853,0.214096
11369,0.214033
4635,0.213885
13696,0.213869
4787,0.213864
15342,0.213788
10130,0.213585
15378,0.213568
13386,0.213558
11857,0.213501
8916,0.213498
12812,0.213441
14004,0.213439
6298,0.213438
6252,0.213394
13131,0.213392
5899,0.213111
5000,0.21292
8265,0.212875
15451,0.212819
10540,0.212711
5076,0.212665
11338,0.212649
4347,0.212617
13018,0.212602
12085,0.212581
3026,0.212514
9861,0.212512
4941,0.21249
10189,0.212469
3692,0.212419
13801,0.212046
4843,0.212032
13452,0.211962
7476,0.211872
7913,0.211826
6549,0.211825
6775,0.211739
3710,0.211625
11356,0.211458
7693,0.211319
6153,0.211277
15186,0.211232
10760,0.211011
15014,0.210997
7577,0.210925
7532,0.210705
7804,0.210647
15570,0.210627
9946,0.210325
3057,0.210317
11398,0.21031
8683,0.210247
4997,0.210202
15710,0.210056
13926,0.209925
2511,0.209736
4189,0.209622
11810,0.209377
11187,0.208964
4166,0.20891
8747,0.208849
5394,0.208663
10822,0.208661
12018,0.208607
5157,0.208517
5037,0.208509
14204,0.20842
2732,0.208392
10206,0.208285
7697,0.208247
9208,0.207846
15615,0.207779
14789,0.207773
13209,0.207711
12235,0.207653
7753,0.207594
14959,0.207582
8285,0.207415
5356,0.207299
6507,0.207289
3146,0.207248
12678,0.207211
6962,0.207194
5501,0.207077
4315,0.207069
4444,0.20705
11320,0.206991
7565,0.206952
3693,0.206823
9775,0.206736
7374,0.206633
9226,0.206522
4454,0.206447
10179,0.206421
15571,0.20642
6881,0.206361
10220,0.206083
11265,0.20608
6120,0.206067
11121,0.206065
2305,0.205954
9660,0.205909
10172,0.205866
13377,0.205852
11703,0.205684
5181,0.20565
12702,0.205465
11954,0.205444
9073,0.205219
11965,0.205138
11778,0.204855
15471,0.204687
9730,0.20467
7740,0.20465
15519,0.204491
4159,0.204465
14418,0.204437
10383,0.204422
2903,0.204342
14592,0.204298
15499,0.204215
9008,0.20414
3884,0.204124
2527,0.203986
9299,0.203971
5789,0.203946
11653,0.203893
6423,0.203886
9799,0.2037
14923,0.203684
9754,0.203627
5386,0.203621
4711,0.203449
15239,0.203385
9166,0.203366
14558,0.203325
11385,0.203276
9496,0.20322
4021,0.203174
10346,0.203161
2329,0.203086
14208,0.203036
9873,0.203035
14320,0.202917
12736,0.202833
13336,0.202814
9282,0.202247
10001,0.202219
5492,0.202088
6562,0.202004
2302,0.201893
3389,0.201886
5891,0.201823
15396,0.201823
8850,0.20179
8835,0.201764
5519,0.201558
6666,0.201409
12737,0.201388
2298,0.201253
12026,0.201174
7827,0.201107
5473,0.200957
9136,0.200942
6703,0.200903
5420,0.200873
9446,0.200819
11438,0.200659
13935,0.200632
12410,0.200611
4248,0.200609
5372,0.20052
7900,0.20046
13272,0.200409
10980,0.200359
15073,0.200343
9662,0.200242
5234,0.200235
11046,0.200145
9375,0.200133
4498,0.200088
13400,0.200083
3430,0.199997
7635,0.19992
2586,0.199919
7875,0.199911
12846,0.199783
5061,0.199714
12371,0.199713
6983,0.199663
6156,0.199541
5034,0.199272
6014,0.199176
14578,0.199095
10783,0.198691
2430,0.198324
4599,0.198265
7983,0.1978
10699,0.197586
12020,0.197557
7417,0.197518
10512,0.197349
12809,0.196968
15650,0.196754
12221,0.196674
14026,0.19666
2470,0.196358
5518,0.196287
11662,0.196278
8398,0.196004
11417,0.195989
12032,0.195864
5097,0.195838
13495,0.195817
9945,0.195808
6188,0.19548
3909,0.195335
9857,0.195299
9204,0.195126
6196,0.194947
14883,0.194395
9984,0.193979
4284,0.193885
3740,0.193775
3366,0.193758
13037,0.193443
5004,0.193346
9034,0.193283
8038,0.193162
13246,0.193063
13930,0.192796
9995,0.192755
11287,0.192576
4948,0.192252
5739,0.192146
15143,0.192139
3926,0.192093
9892,0.192078
5871,0.191868
3297,0.191674
12271,0.191658
9708,0.191497
5286,0.191344
9535,0.191332
11583,0.191332
8990,0.191219
15028,0.191125
2744,0.191075
11928,0.191013
4886,0.190767
3497,0.190654
3206,0.190568
8328,0.190497
13472,0.190254
14528,0.189981
9363,0.189915
5248,0.189894
12083,0.189631
7030,0.189582
8027,0.189499
3981,0.189467
13962,0.189395
3341,0.189241
4892,0.189196
4502,0.18918
12768,0.189161
4824,0.188897
15723,0.188864
3651,0.188603
6917,0.188545
12320,0.188502
5974,0.188436
7202,0.18838
15032,0.188362
10475,0.188329
7502,0.187955
11448,0.187729
6272,0.18753
3950,0.187421
8168,0.187042
13281,0.18696
4068,0.186931
6604,0.186885
6903,0.18686
10166,0.186808
4063,0.186385
8966,0.18623
7937,0.186144
5340,0.186089
5782,0.185976
8930,0.185815
8411,0.185715
13713,0.185518
12295,0.1855
3526,0.185425
13937,0.185367
9912,0.185122
9235,0.185054
7979,0.184985
7715,0.184904
5038,0.184537
4360,0.184407
10231,0.183283
15340,0.183213
5933,0.183183
7309,0.183169
5048,0.183114
3280,0.183113
4079,0.183075
4734,0.183064
5210,0.183032
10343,0.183001
8732,0.182778
11457,0.18262
3337,0.182587
4648,0.182539
11243,0.182386
13330,0.181996
5391,0.181804
2506,0.181767
10463,0.18169
9993,0.181598
14221,0.181452
5636,0.181427
4531,0.181342
10925,0.181181
5082,0.181155
3357,0.181066
11408,0.180921
8596,0.180754
5554,0.180686
8842,0.180656
12538,0.180487
8101,0.180445
10398,0.180232
11407,0.179763
8131,0.179595
14399,0.179591
6066,0.179569
11723,0.179105
2799,0.179062
7215,0.178997
9497,0.178951
9459,0.178937
2807,0.178725
4439,0.178495
7906,0.178261
2806,0.178142
12751,0.178116
14804,0.177956
4039,0.177916
7347,0.17787
10578,0.177606
6049,0.177517
2977,0.177492
12606,0.177472
15251,0.177442
13978,0.177404
9638,0.177283
2490,0.177276
2295,0.176862
5841,0.176859
15031,0.176859
12028,0.176814
10665,0.176718
4512,0.176683
6386,0.176575
3937,0.176464
13834,0.176462
3162,0.176314
9769,0.176296
9538,0.176236
15586,0.176181
10723,0.175863
8857,0.175849
15619,0.17571
3535,0.175452
7942,0.175185
6709,0.175175
7646,0.175171
9153,0.175098
3035,0.174909
7959,0.174415
5146,0.174264
5740,0.174105
9167,0.174059
4051,0.173966
13594,0.173798
14023,0.173789
4262,0.173111
12559,0.17295
9463,0.172921
10388,0.172838
5053,0.172488
10350,0.172188
10999,0.171878
12761,0.171812
15269,0.171767
11418,0.171637
12825,0.171437
8304,0.171365
14200,0.171246
4448,0.171042
4765,0.171006
8080,0.170772
11264,0.170749
6167,0.170744
11553,0.170723
6835,0.170658
7616,0.170591
6798,0.170561
5167,0.170505
5943,0.170491
14974,0.170447
13558,0.170433
8374,0.170372
8813,0.170298
9078,0.170084
11924,0.170076
10280,0.170056
4313,0.16992
13776,0.169905
15726,0.169885
15485,0.169559
10454,0.169471
13234,0.169286
9277,0.16926
7568,0.168927
4868,0.168307
12287,0.167965
7564,0.167937
15745,0.167919
2860,0.167881
9817,0.167595
5002,0.167413
6069,0.167276
12076,0.167186
5938,0.167094
15435,0.167036
6755,0.166969
5582,0.166871
5881,0.166823
14421,0.166799
14295,0.166784
13878,0.166673
2762,0.166455
5723,0.166275
13179,0.166116
4046,0.165706
12108,0.165662
15341,0.165612
3963,0.165214
12445,0.165009
2598,0.164954
8805,0.164846
5130,0.164628
7705,0.164525
11206,0.164496
7185,0.164273
9199,0.16416
3685,0.16402
6811,0.163884
7184,0.16388
11231,0.163409
9434,0.163381
12780,0.163186
11861,0.162763
14525,0.162685
10585,0.162607
8991,0.162197
9757,0.162195
8797,0.162189
3005,0.161998
9544,0.161912
4821,0.161889
13469,0.161686
14301,0.161627
7093,0.161334
15647,0.161153
7569,0.161123
4493,0.161108
10946,0.160714
13823,0.160395
13107,0.159535
8538,0.159469
8795,0.159458
7703,0.15925
6877,0.158652
6081,0.158497
5195,0.158327
11794,0.157875
13205,0.157795
13775,0.157719
10805,0.157443
6439,0.157419
5240,0.15698
9561,0.156975
5474,0.156912
10597,0.156857
7950,0.156719
3637,0.156548
7797,0.156246
5104,0.156042
5244,0.155656
8229,0.155606
3303,0.155538
13860,0.155294
13947,0.155082
10369,0.15451
4822,0.154443
4720,0.154325
2918,0.154232
4465,0.154205
9598,0.154127
2763,0.154024
14509,0.153955
10340,0.15395
11580,0.153887
8334,0.153424
5516,0.153074
10449,0.153041
4893,0.152537
10690,0.15248
3748,0.151949
13527,0.151891
15369,0.151589
10892,0.151026
9805,0.150983
11798,0.150921
15450,0.15073
6945,0.150698
12016,0.150509
5113,0.150021
8740,0.149387
7632,0.149254
5765,0.149245
12281,0.149214
2388,0.149128
12213,0.149109
10936,0.149019
8025,0.149006
6841,0.148734
5194,0.148719
8020,0.148687
5199,0.148628
14675,0.148586
9677,0.148457
12762,0.148427
12906,0.148371
8067,0.148359
8084,0.147947
14646,0.147808
12945,0.147596
9983,0.147586
6752,0.146813
9301,0.146534
14965,0.146488
3831,0.146424
6978,0.14625
13280,0.146219
10856,0.145984
14144,0.145881
5278,0.144753
8687,0.144525
4620,0.144477
3742,0.14436
8514,0.143125
11706,0.142877
13178,0.14253
6422,0.142244
10893,0.142175
14251,0.141916
7105,0.141895
12941,0.141285
2363,0.141041
3456,0.141038
15156,0.140587
12721,0.140173
4096,0.139908
2397,0.13958
3864,0.139369
9974,0.139288
5228,0.138812
4554,0.138751
14493,0.138657
6956,0.138598
8290,0.13828
13365,0.13768
2334,0.137112
4290,0.136584
15589,0.135887
8526,0.135312
9527,0.134916
15591,0.13273
11645,0.132705
4880,0.132506
11615,0.132348
6193,0.132111
4519,0.130993
15701,0.130935
5206,0.130644
6593,0.130225
3832,0.129361
11656,0.128139
8937,0.128127
2721,0.126445
8971,0.125945
5920,0.123888
4144,0.123885
11858,0.123553
7598,0.123342
8593,0.122988
10514,0.122581
9474,0.122563
3648,0.122434
2602,0.120781
5977,0.120715
3320,0.12052
12323,0.120372
5116,0.11995
2361,0.119946
13544,0.119634
5864,0.117463
15507,0.116814
3476,0.116378
14506,0.116112
6937,0.115931
10910,0.115654
10901,0.114799
2297,0.11403
14634,0.113931
8004,0.113669
2855,0.113139
6321,0.111919
12508,0.109728
3855,0.109638
4161,0.109265
10683,0.109089
7074,0.108936
7404,0.108888
8773,0.106956
14148,0.106675
7582,0.106552
8180,0.106324
9566,0.104608
12422,0.104076
14833,0.1034
5562,0.103205
11742,0.097406
6491,0.096716
15742,0.095407
9923,0.095127
6834,0.094752
15105,0.093957
7948,0.093707
5311,0.090383
9395,0.089727
7060,0.089452
5232,0.089327
3232,0.087641
15585,0.087009
5992,0.082715
10898,0.082003
7664,0.080822
9525,0.078997
15039,0.076145
6699,0.076087
9362,0.076006
13606,0.075762
2428,0.074738
13187,0.071308
8066,0.07126
3263,0.069511
14583,0.067797
12035,0.066805
3161,0.065873
7247,0.065676
9883,0.065648
14070,0.065409
6279,0.06463
13405,0.062116
3522,0.060031
4354,0.058913
3891,0.058313
15517,0.058094
10234,0.057934
4016,0.056802
9160,0.056788
14436,0.050385
11875,0.04959
7237,0.048008
5430,0.047413
13964,0.046773
6523,0.046748
4296,0.043994
5128,0.039871
13388,0.038774
12449,0.032654
5360,0.032311
3007,0.029179
10659,0.025261
5427,0.014648
3251,0
5163,0
9254,0
9627,0
9834,0
10063,0
2303,-1
2416,-1
2494,-1
2528,-1
2609,-1
2661,-1
2764,-1
2798,-1
2822,-1
2866,-1
2913,-1
3000,-1
3170,-1
3181,-1
3192,-1
3270,-1
3310,-1
3335,-1
3403,-1
3451,-1
3463,-1
3511,-1
3523,-1
3640,-1
3641,-1
3663,-1
3667,-1
3801,-1
3803,-1
3804,-1
3989,-1
3996,-1
4035,-1
4088,-1
4109,-1
4217,-1
4232,-1
4310,-1
4346,-1
4349,-1
4520,-1
4577,-1
4616,-1
4638,-1
4664,-1
4689,-1
4693,-1
4836,-1
4870,-1
4874,-1
4897,-1
4926,-1
4929,-1
4992,-1
5042,-1
5043,-1
5078,-1
5099,-1
5211,-1
5224,-1
5225,-1
5344,-1
5426,-1
5565,-1
5603,-1
5668,-1
5695,-1
5924,-1
6200,-1
6231,-1
6257,-1
6308,-1
6326,-1
6362,-1
6438,-1
6467,-1
6468,-1
6588,-1
6684,-1
6719,-1
6848,-1
6859,-1
6894,-1
6992,-1
6999,-1
7018,-1
7064,-1
7110,-1
7188,-1
7244,-1
7313,-1
7390,-1
7451,-1
7469,-1
7539,-1
7590,-1
7658,-1
7735,-1
7789,-1
8107,-1
8249,-1
8280,-1
8305,-1
8309,-1
8344,-1
8353,-1
8442,-1
8454,-1
8578,-1
8788,-1
8792,-1
8794,-1
8807,-1
8856,-1
8879,-1
8917,-1
8948,-1
8969,-1
9003,-1
9004,-1
9043,-1
9044,-1
9095,-1
9112,-1
9145,-1
9240,-1
9304,-1
9308,-1
9330,-1
9347,-1
9443,-1
9526,-1
9622,-1
9643,-1
9645,-1
9715,-1
9772,-1
9788,-1
9801,-1
9816,-1
9903,-1
9951,-1
10024,-1
10030,-1
10090,-1
10173,-1
10200,-1
10358,-1
10372,-1
10496,-1
10544,-1
10598,-1
10616,-1
10823,-1
10826,-1
10921,-1
11030,-1
11076,-1
11150,-1
11224,-1
11248,-1
11297,-1
11357,-1
11410,-1
11421,-1
11458,-1
11494,-1
11819,-1
11885,-1
11932,-1
11992,-1
12079,-1
12125,-1
12162,-1
12405,-1
12462,-1
12483,-1
12493,-1
12554,-1
12561,-1
12596,-1
12633,-1
12649,-1
12655,-1
12657,-1
12692,-1
12718,-1
12928,-1
12986,-1
13048,-1
13060,-1
13101,-1
13150,-1
13159,-1
13194,-1
13729,-1
13805,-1
13832,-1
13841,-1
13960,-1
13997,-1
14111,-1
14278,-1
14323,-1
14440,-1
14517,-1
14521,-1
14556,-1
14579,-1
14606,-1
14687,-1
14746,-1
14776,-1
14785,-1
14787,-1
14800,-1
14815,-1
14953,-1
14968,-1
14994,-1
15069,-1
15106,-1
15266,-1
15317,-1
15354,-1
15539,-1
15642,-1
15720,-1
15750,-1
15769,-1
